4294A REV1.11
"DATE:     37 -100"


"MEASURE PARAMETER: IMPEDANCE - ADMITTANCE"
"ADAPTER: NONE"
"SWEEP TYPE: LOG FREQ"
"NUMBER of POINTS: 201"
"POINT DELAY TIME:  0 Sec"
"SWEEP DELAY TIME:  0 Sec"
"OSC LEVEL:  10 mVolt"
"DC BIAS:  5 Volt"
"BW: 2"
"SWEEP AVERAGING: OFF"
"POINT AVERAGING: OFF"


"TRACE: A"

"Frequency"	"Data Trace Real"	"Data Trace Imag"
4.00000000000e+01	3.574558e+01	-1.511341e+03
4.24170000000e+01	3.418329e+01	-1.427370e+03
4.49810000000e+01	3.248757e+01	-1.345759e+03
4.76990000000e+01	3.114118e+01	-1.271159e+03
5.05820000000e+01	2.939138e+01	-1.198746e+03
5.36390000000e+01	2.675248e+01	-1.131526e+03
5.68810000000e+01	2.657848e+01	-1.068250e+03
6.03190000000e+01	2.479151e+01	-1.007560e+03
6.39640000000e+01	2.333818e+01	-9.518285e+02
6.78300000000e+01	2.209820e+01	-8.969797e+02
7.19290000000e+01	2.138349e+01	-8.472533e+02
7.62760000000e+01	2.044783e+01	-7.994460e+02
8.08860000000e+01	1.825876e+01	-7.543899e+02
8.57750000000e+01	1.787868e+01	-7.116052e+02
9.09590000000e+01	1.688517e+01	-6.719104e+02
9.64560000000e+01	1.670874e+01	-6.339150e+02
1.02285000000e+02	1.554049e+01	-5.982990e+02
1.08467000000e+02	1.497099e+01	-5.648091e+02
1.15022000000e+02	1.436351e+01	-5.329323e+02
1.21974000000e+02	1.338643e+01	-5.031474e+02
1.29345000000e+02	1.253721e+01	-4.746681e+02
1.37163000000e+02	1.186744e+01	-4.479149e+02
1.45452000000e+02	1.139241e+01	-4.228877e+02
1.54243000000e+02	1.125373e+01	-3.989653e+02
1.63565000000e+02	1.061566e+01	-3.766301e+02
1.73450000000e+02	9.624737e+00	-3.554635e+02
1.83932000000e+02	9.841438e+00	-3.352716e+02
1.95049000000e+02	9.430931e+00	-3.164706e+02
2.06837000000e+02	8.726234e+00	-2.987261e+02
2.19337000000e+02	8.422016e+00	-2.818168e+02
2.32593000000e+02	8.011528e+00	-2.659856e+02
2.46650000000e+02	7.858134e+00	-2.511994e+02
2.61557000000e+02	7.872652e+00	-2.372662e+02
2.77364000000e+02	7.183700e+00	-2.237841e+02
2.94127000000e+02	6.968502e+00	-2.110420e+02
3.11903000000e+02	6.657222e+00	-1.992503e+02
3.30753000000e+02	6.466174e+00	-1.881711e+02
3.50742000000e+02	6.452869e+00	-1.775626e+02
3.71940000000e+02	6.027970e+00	-1.677167e+02
3.94419000000e+02	5.919779e+00	-1.581766e+02
4.18256000000e+02	5.577639e+00	-1.493212e+02
4.43534000000e+02	5.476302e+00	-1.408585e+02
4.70339000000e+02	5.386387e+00	-1.332405e+02
4.98765000000e+02	4.934870e+00	-1.255562e+02
5.28908000000e+02	4.900739e+00	-1.184881e+02
5.60873000000e+02	4.895518e+00	-1.118931e+02
5.94770000000e+02	4.643231e+00	-1.056249e+02
6.30716000000e+02	4.374256e+00	-9.967209e+01
6.68834000000e+02	4.392127e+00	-9.419547e+01
7.09256000000e+02	4.085956e+00	-8.879358e+01
7.52121000000e+02	4.175421e+00	-8.374251e+01
7.97576000000e+02	4.130280e+00	-7.909024e+01
8.45778000000e+02	3.968108e+00	-7.463835e+01
8.96894000000e+02	3.827737e+00	-7.049173e+01
9.51099000000e+02	3.794122e+00	-6.661955e+01
1.00858000000e+03	3.726804e+00	-6.290735e+01
1.06953400000e+03	3.508470e+00	-5.930633e+01
1.13417300000e+03	3.553049e+00	-5.600997e+01
1.20271800000e+03	3.437488e+00	-5.280440e+01
1.27540600000e+03	3.334496e+00	-4.991492e+01
1.35248700000e+03	3.307709e+00	-4.713634e+01
1.43422600000e+03	3.182486e+00	-4.452908e+01
1.52090500000e+03	3.147066e+00	-4.204595e+01
1.61282300000e+03	3.145964e+00	-3.973222e+01
1.71029600000e+03	3.016014e+00	-3.742606e+01
1.81365900000e+03	3.001106e+00	-3.537804e+01
1.92327000000e+03	2.950953e+00	-3.341602e+01
2.03950500000e+03	2.892553e+00	-3.155615e+01
2.16276500000e+03	2.794317e+00	-2.979036e+01
2.29347500000e+03	2.742114e+00	-2.816448e+01
2.43208400000e+03	2.741649e+00	-2.659698e+01
2.57907000000e+03	2.697781e+00	-2.501221e+01
2.73493900000e+03	2.606850e+00	-2.373248e+01
2.90022800000e+03	2.584444e+00	-2.240662e+01
3.07550700000e+03	2.555880e+00	-2.117186e+01
3.26137900000e+03	2.477269e+00	-2.002269e+01
3.45848400000e+03	2.469868e+00	-1.895304e+01
3.66750200000e+03	2.444771e+00	-1.790152e+01
3.88915200000e+03	2.431192e+00	-1.687834e+01
4.12419700000e+03	2.412518e+00	-1.598025e+01
4.37344800000e+03	2.317810e+00	-1.505779e+01
4.63776300000e+03	2.288991e+00	-1.425869e+01
4.91805200000e+03	2.284894e+00	-1.348829e+01
5.21528000000e+03	2.213671e+00	-1.275172e+01
5.53047200000e+03	2.218021e+00	-1.207200e+01
5.86471300000e+03	2.175868e+00	-1.138254e+01
6.21915400000e+03	2.158185e+00	-1.075126e+01
6.59501600000e+03	2.114264e+00	-1.020857e+01
6.99359400000e+03	2.088447e+00	-9.631765e+00
7.41626000000e+03	2.036974e+00	-9.080496e+00
7.86447100000e+03	2.019870e+00	-8.635664e+00
8.33976900000e+03	1.989128e+00	-8.132399e+00
8.84379400000e+03	1.982859e+00	-7.708939e+00
9.37827900000e+03	1.978777e+00	-7.284000e+00
9.94506700000e+03	1.936064e+00	-6.874986e+00
1.05461090000e+04	1.934962e+00	-6.515982e+00
1.11834760000e+04	1.878904e+00	-6.151006e+00
1.18593630000e+04	1.879174e+00	-5.812931e+00
1.25760980000e+04	1.843434e+00	-5.526739e+00
1.33361490000e+04	1.831684e+00	-5.214099e+00
1.41421360000e+04	1.823720e+00	-4.940046e+00
1.49968330000e+04	1.789711e+00	-4.663074e+00
1.59031850000e+04	1.784301e+00	-4.423168e+00
1.68643130000e+04	1.766676e+00	-4.184121e+00
1.78835280000e+04	1.755280e+00	-3.960997e+00
1.89643410000e+04	1.743975e+00	-3.743565e+00
2.01104740000e+04	1.719279e+00	-3.554946e+00
2.13258740000e+04	1.707566e+00	-3.354338e+00
2.26147300000e+04	1.684945e+00	-3.170841e+00
2.39814780000e+04	1.671478e+00	-3.009384e+00
2.54308280000e+04	1.657630e+00	-2.837389e+00
2.69677710000e+04	1.656199e+00	-2.689972e+00
2.85976010000e+04	1.634777e+00	-2.557307e+00
3.03259310000e+04	1.626173e+00	-2.416618e+00
3.21587160000e+04	1.610007e+00	-2.278812e+00
3.41022670000e+04	1.601089e+00	-2.169267e+00
3.61632790000e+04	1.594828e+00	-2.046616e+00
3.83488500000e+04	1.581583e+00	-1.937812e+00
4.06665100000e+04	1.569193e+00	-1.833437e+00
4.31242390000e+04	1.565588e+00	-1.737179e+00
4.57305050000e+04	1.553385e+00	-1.640292e+00
4.84942840000e+04	1.547500e+00	-1.554869e+00
5.14250950000e+04	1.536215e+00	-1.472485e+00
5.45330330000e+04	1.529001e+00	-1.391772e+00
5.78288030000e+04	1.522332e+00	-1.316824e+00
6.13237560000e+04	1.513063e+00	-1.248975e+00
6.50299320000e+04	1.511400e+00	-1.177621e+00
6.89600950000e+04	1.501763e+00	-1.116374e+00
7.31277820000e+04	1.496236e+00	-1.057999e+00
7.75473480000e+04	1.490973e+00	-1.000896e+00
8.22340160000e+04	1.485508e+00	-9.446954e-01
8.72039280000e+04	1.480539e+00	-8.940834e-01
9.24742040000e+04	1.477321e+00	-8.466609e-01
9.80629940000e+04	1.471416e+00	-8.020418e-01
1.03989550000e+05	1.471835e+00	-7.566240e-01
1.10274285000e+05	1.463828e+00	-7.214091e-01
1.16938845000e+05	1.460110e+00	-6.809540e-01
1.24006186000e+05	1.454110e+00	-6.441188e-01
1.31500650000e+05	1.451735e+00	-6.106571e-01
1.39448052000e+05	1.449663e+00	-5.759023e-01
1.47875764000e+05	1.442547e+00	-5.452765e-01
1.56812815000e+05	1.440379e+00	-5.139272e-01
1.66289987000e+05	1.435626e+00	-4.892234e-01
1.76339925000e+05	1.433218e+00	-4.621146e-01
1.86997242000e+05	1.430264e+00	-4.358544e-01
1.98298647000e+05	1.428462e+00	-4.090437e-01
2.10283066000e+05	1.425388e+00	-3.872169e-01
2.22991778000e+05	1.421417e+00	-3.665296e-01
2.36468557000e+05	1.421397e+00	-3.435513e-01
2.50759821000e+05	1.416944e+00	-3.260445e-01
2.65914795000e+05	1.415895e+00	-3.055378e-01
2.81985678000e+05	1.415344e+00	-2.837349e-01
2.99027824000e+05	1.409856e+00	-2.700939e-01
3.17099934000e+05	1.408636e+00	-2.508014e-01
3.36264253000e+05	1.404649e+00	-2.381247e-01
3.56586791000e+05	1.407895e+00	-2.276786e-01
3.78137546000e+05	1.406061e+00	-2.074708e-01
4.00990747000e+05	1.405079e+00	-1.943635e-01
4.25225109000e+05	1.401906e+00	-1.825970e-01
4.50924105000e+05	1.399511e+00	-1.681188e-01
4.78176250000e+05	1.397311e+00	-1.529093e-01
5.07075412000e+05	1.403545e+00	-1.372361e-01
5.37721129000e+05	1.400075e+00	-1.304180e-01
5.70218958000e+05	1.398639e+00	-1.206449e-01
6.04680832000e+05	1.397835e+00	-1.089866e-01
6.41225452000e+05	1.399030e+00	-9.875856e-02
6.79978689000e+05	1.396571e+00	-8.932725e-02
7.21074026000e+05	1.392433e+00	-7.751308e-02
7.64653010000e+05	1.389103e+00	-6.404167e-02
8.10865742000e+05	1.386588e+00	-5.631105e-02
8.59871396000e+05	1.392514e+00	-4.223106e-02
9.11838767000e+05	1.386607e+00	-3.384640e-02
9.66946849000e+05	1.392038e+00	-2.160808e-02
1.02538545500e+06	1.384751e+00	-1.718291e-02
1.08735586800e+06	1.389454e+00	-2.024592e-03
1.15307153900e+06	1.390072e+00	3.269287e-04
1.22275881600e+06	1.389436e+00	9.307856e-03
1.29665772800e+06	1.385191e+00	2.201300e-02
1.37502281100e+06	1.384635e+00	3.901873e-02
1.45812398200e+06	1.390632e+00	4.540413e-02
1.54624747400e+06	1.388696e+00	5.276129e-02
1.63969681500e+06	1.390528e+00	5.882036e-02
1.73879388100e+06	1.389504e+00	6.956705e-02
1.84387999800e+06	1.392890e+00	8.281580e-02
1.95531712200e+06	1.390133e+00	9.370622e-02
2.07348908400e+06	1.391409e+00	1.008029e-01
2.19880291200e+06	1.388972e+00	1.156027e-01
2.33169023300e+06	1.393827e+00	1.321883e-01
2.47260876000e+06	1.398965e+00	1.402647e-01
2.62204387000e+06	1.397839e+00	1.543840e-01
2.78051027100e+06	1.402877e+00	1.662770e-01
2.94855378200e+06	1.399121e+00	1.771648e-01
3.12675320600e+06	1.397696e+00	1.946184e-01
3.31572232800e+06	1.398614e+00	2.041191e-01
3.51611202900e+06	1.402759e+00	2.208163e-01
3.72861252400e+06	1.399764e+00	2.401084e-01
3.95395574500e+06	1.405193e+00	2.538651e-01
4.19291785600e+06	1.404654e+00	2.703805e-01
4.44632193200e+06	1.405021e+00	2.899769e-01
4.71504079100e+06	1.404536e+00	3.068770e-01
5.00000000000e+06	1.411075e+00	3.246004e-01


"TRACE: B"

"Frequency"	"Data Trace Real"	"Data Trace Imag"
4.00000000000e+01	1.564064e-05	6.612940e-04
4.24170000000e+01	1.676839e-05	7.001875e-04
4.49810000000e+01	1.792791e-05	7.426423e-04
4.76990000000e+01	1.926083e-05	7.862120e-04
5.05820000000e+01	2.044112e-05	8.337040e-04
5.36390000000e+01	2.088299e-05	8.832688e-04
5.68810000000e+01	2.327640e-05	9.355316e-04
6.03190000000e+01	2.440612e-05	9.918966e-04
6.39640000000e+01	2.574475e-05	1.049978e-03
6.78300000000e+01	2.744910e-05	1.114176e-03
7.19290000000e+01	2.976977e-05	1.179533e-03
7.62760000000e+01	3.197312e-05	1.250048e-03
8.08860000000e+01	3.206456e-05	1.324798e-03
8.57750000000e+01	3.528444e-05	1.404387e-03
9.09590000000e+01	3.737736e-05	1.487354e-03
9.64560000000e+01	4.155085e-05	1.576403e-03
1.02285000000e+02	4.338456e-05	1.670278e-03
1.08467000000e+02	4.689667e-05	1.769267e-03
1.15022000000e+02	5.053604e-05	1.875049e-03
1.21974000000e+02	5.284050e-05	1.986083e-03
1.29345000000e+02	5.560551e-05	2.105267e-03
1.37163000000e+02	5.911005e-05	2.231001e-03
1.45452000000e+02	6.365765e-05	2.362979e-03
1.54243000000e+02	7.064488e-05	2.504491e-03
1.63565000000e+02	7.477766e-05	2.653017e-03
1.73450000000e+02	7.611681e-05	2.811168e-03
1.83932000000e+02	8.747642e-05	2.980089e-03
1.95049000000e+02	9.408110e-05	3.157048e-03
2.06837000000e+02	9.770347e-05	3.344694e-03
2.19337000000e+02	1.059485e-04	3.545239e-03
2.32593000000e+02	1.131372e-04	3.756194e-03
2.46650000000e+02	1.244106e-04	3.977009e-03
2.61557000000e+02	1.396919e-04	4.210040e-03
2.77364000000e+02	1.432987e-04	4.463992e-03
2.94127000000e+02	1.562890e-04	4.733232e-03
3.11903000000e+02	1.674983e-04	5.013216e-03
3.30753000000e+02	1.824017e-04	5.308043e-03
3.50742000000e+02	2.043980e-04	5.624389e-03
3.71940000000e+02	2.140217e-04	5.954743e-03
3.94419000000e+02	2.362726e-04	6.313207e-03
4.18256000000e+02	2.498055e-04	6.687642e-03
4.43534000000e+02	2.755911e-04	7.088607e-03
4.70339000000e+02	3.029115e-04	7.492980e-03
4.98765000000e+02	3.125569e-04	7.952278e-03
5.28908000000e+02	3.484735e-04	8.425253e-03
5.60873000000e+02	3.902665e-04	8.920024e-03
5.94770000000e+02	4.153832e-04	9.449201e-03
6.30716000000e+02	4.394621e-04	1.001361e-02
6.68834000000e+02	4.939372e-04	1.059319e-02
7.09256000000e+02	5.171444e-04	1.123828e-02
7.52121000000e+02	5.939228e-04	1.191175e-02
7.97576000000e+02	6.584926e-04	1.260940e-02
8.45778000000e+02	7.102865e-04	1.336018e-02
8.96894000000e+02	7.680458e-04	1.414436e-02
9.51099000000e+02	8.521214e-04	1.496208e-02
1.00858000000e+03	9.384523e-04	1.584080e-02
1.06953400000e+03	9.940275e-04	1.680280e-02
1.13417300000e+03	1.128045e-03	1.778241e-02
1.20271800000e+03	1.227621e-03	1.885790e-02
1.27540600000e+03	1.332403e-03	1.994508e-02
1.35248700000e+03	1.481434e-03	2.111110e-02
1.43422600000e+03	1.596858e-03	2.234311e-02
1.52090500000e+03	1.770236e-03	2.365100e-02
1.61282300000e+03	1.980404e-03	2.501168e-02
1.71029600000e+03	2.139311e-03	2.654695e-02
1.81365900000e+03	2.380674e-03	2.806417e-02
1.92327000000e+03	2.622279e-03	2.969419e-02
2.03950500000e+03	2.880577e-03	3.142549e-02
2.16276500000e+03	3.121187e-03	3.327513e-02
2.29347500000e+03	3.424402e-03	3.517231e-02
2.43208400000e+03	3.834923e-03	3.720294e-02
2.57907000000e+03	4.262645e-03	3.952070e-02
2.73493900000e+03	4.573211e-03	4.163401e-02
2.90022800000e+03	5.080129e-03	4.404372e-02
3.07550700000e+03	5.620031e-03	4.655404e-02
3.26137900000e+03	6.085985e-03	4.919037e-02
3.45848400000e+03	6.760869e-03	5.188093e-02
3.66750200000e+03	7.489164e-03	5.483842e-02
3.88915200000e+03	8.360670e-03	5.804323e-02
4.12419700000e+03	9.236685e-03	6.118279e-02
4.37344800000e+03	9.985851e-03	6.487369e-02
4.63776300000e+03	1.097576e-02	6.837069e-02
4.91805200000e+03	1.220859e-02	7.207027e-02
5.21528000000e+03	1.321541e-02	7.612661e-02
5.53047200000e+03	1.472274e-02	8.013128e-02
5.86471300000e+03	1.620196e-02	8.475672e-02
6.21915400000e+03	1.794787e-02	8.940950e-02
6.59501600000e+03	1.945314e-02	9.392805e-02
6.99359400000e+03	2.150100e-02	9.916108e-02
7.41626000000e+03	2.352037e-02	1.048500e-01
7.86447100000e+03	2.568026e-02	1.097923e-01
8.33976900000e+03	2.837860e-02	1.160237e-01
8.84379400000e+03	3.129539e-02	1.216699e-01
9.37827900000e+03	3.473232e-02	1.278518e-01
9.94506700000e+03	3.795179e-02	1.347673e-01
1.05461090000e+04	4.188040e-02	1.410322e-01
1.11834760000e+04	4.542239e-02	1.487002e-01
1.18593630000e+04	5.035102e-02	1.557530e-01
1.25760980000e+04	5.430954e-02	1.628237e-01
1.33361490000e+04	5.997285e-02	1.707196e-01
1.41421360000e+04	6.576700e-02	1.781480e-01
1.49968330000e+04	7.173959e-02	1.869168e-01
1.59031850000e+04	7.843719e-02	1.944408e-01
1.68643130000e+04	8.564449e-02	2.028368e-01
1.78835280000e+04	9.351270e-02	2.110224e-01
1.89643410000e+04	1.022516e-01	2.194902e-01
2.01104740000e+04	1.102557e-01	2.279752e-01
2.13258740000e+04	1.205281e-01	2.367651e-01
2.26147300000e+04	1.306841e-01	2.459299e-01
2.39814780000e+04	1.410502e-01	2.539515e-01
2.54308280000e+04	1.535054e-01	2.627574e-01
2.69677710000e+04	1.659694e-01	2.695647e-01
2.85976010000e+04	1.774556e-01	2.775966e-01
3.03259310000e+04	1.916644e-01	2.848280e-01
3.21587160000e+04	2.068060e-01	2.927143e-01
3.41022670000e+04	2.202564e-01	2.984188e-01
3.61632790000e+04	2.368986e-01	3.040080e-01
3.83488500000e+04	2.527895e-01	3.097269e-01
4.06665100000e+04	2.694422e-01	3.148148e-01
4.31242390000e+04	2.862734e-01	3.176493e-01
4.57305050000e+04	3.043727e-01	3.214014e-01
4.84942840000e+04	3.215670e-01	3.230982e-01
5.14250950000e+04	3.392576e-01	3.251834e-01
5.45330330000e+04	3.576717e-01	3.255703e-01
5.78288030000e+04	3.757434e-01	3.250198e-01
6.13237560000e+04	3.930751e-01	3.244683e-01
6.50299320000e+04	4.116999e-01	3.207798e-01
6.89600950000e+04	4.288812e-01	3.188199e-01
7.31277820000e+04	4.455625e-01	3.150603e-01
7.75473480000e+04	4.623468e-01	3.103754e-01
8.22340160000e+04	4.793224e-01	3.048207e-01
8.72039280000e+04	4.949350e-01	2.988865e-01
9.24742040000e+04	5.095420e-01	2.920213e-01
9.80629940000e+04	5.239459e-01	2.855933e-01
1.03989550000e+05	5.374057e-01	2.762633e-01
1.10274285000e+05	5.496452e-01	2.708781e-01
1.16938845000e+05	5.625285e-01	2.623474e-01
1.24006186000e+05	5.749003e-01	2.546602e-01
1.31500650000e+05	5.852739e-01	2.461892e-01
1.39448052000e+05	5.957878e-01	2.366864e-01
1.47875764000e+05	6.065534e-01	2.292745e-01
1.56812815000e+05	6.158591e-01	2.197385e-01
1.66289987000e+05	6.240873e-01	2.126725e-01
1.76339925000e+05	6.320242e-01	2.037845e-01
1.86997242000e+05	6.397604e-01	1.949587e-01
1.98298647000e+05	6.470009e-01	1.852703e-01
2.10283066000e+05	6.533477e-01	1.774866e-01
2.22991778000e+05	6.596604e-01	1.701014e-01
2.36468557000e+05	6.647019e-01	1.606582e-01
2.50759821000e+05	6.702557e-01	1.542286e-01
2.65914795000e+05	6.748425e-01	1.456251e-01
2.81985678000e+05	6.792442e-01	1.361685e-01
2.99027824000e+05	6.841819e-01	1.310725e-01
3.17099934000e+05	6.880941e-01	1.225121e-01
3.36264253000e+05	6.920329e-01	1.173176e-01
3.56586791000e+05	6.921784e-01	1.119360e-01
3.78137546000e+05	6.960519e-01	1.027057e-01
4.00990747000e+05	6.983410e-01	9.660098e-02
4.25225109000e+05	7.014149e-01	9.135863e-02
4.50924105000e+05	7.043709e-01	8.461382e-02
4.78176250000e+05	7.071917e-01	7.738881e-02
5.07075412000e+05	7.057344e-01	6.900544e-02
5.37721129000e+05	7.081033e-01	6.596033e-02
5.70218958000e+05	7.097000e-01	6.121786e-02
6.04680832000e+05	7.110696e-01	5.544080e-02
6.41225452000e+05	7.112366e-01	5.020670e-02
6.79978689000e+05	7.131220e-01	4.561258e-02
7.21074026000e+05	7.159488e-01	3.985499e-02
7.64653010000e+05	7.183623e-01	3.311859e-02
8.10865742000e+05	7.200075e-01	2.924040e-02
8.59871396000e+05	7.174656e-01	2.175873e-02
9.11838767000e+05	7.207552e-01	1.759328e-02
9.66946849000e+05	7.181983e-01	1.114832e-02
1.02538545500e+06	7.220403e-01	8.959554e-03
1.08735586800e+06	7.197057e-01	1.048693e-03
1.15307153900e+06	7.193871e-01	-1.691914e-04
1.22275881600e+06	7.196843e-01	-4.821179e-03
1.29665772800e+06	7.217397e-01	-1.146965e-02
1.37502281100e+06	7.216390e-01	-2.033564e-02
1.45812398200e+06	7.183319e-01	-2.345354e-02
1.54624747400e+06	7.190622e-01	-2.731963e-02
1.63969681500e+06	7.178669e-01	-3.036631e-02
1.73879388100e+06	7.178819e-01	-3.594155e-02
1.84387999800e+06	7.154027e-01	-4.253504e-02
1.95531712200e+06	7.161017e-01	-4.827105e-02
2.07348908400e+06	7.149435e-01	-5.179525e-02
2.19880291200e+06	7.150040e-01	-5.950905e-02
2.33169023300e+06	7.110536e-01	-6.743518e-02
2.47260876000e+06	7.076999e-01	-7.095625e-02
2.62204387000e+06	7.067689e-01	-7.805895e-02
2.78051027100e+06	7.029456e-01	-8.331711e-02
2.94855378200e+06	7.034551e-01	-8.907551e-02
3.12675320600e+06	7.018551e-01	-9.772790e-02
3.31572232800e+06	7.000819e-01	-1.021726e-01
3.51611202900e+06	6.956432e-01	-1.095052e-01
3.72861252400e+06	6.939861e-01	-1.190428e-01
3.95395574500e+06	6.891529e-01	-1.245038e-01
4.19291785600e+06	6.864833e-01	-1.321405e-01
4.44632193200e+06	6.826552e-01	-1.408906e-01
4.71504079100e+06	6.795391e-01	-1.484724e-01
5.00000000000e+06	6.730628e-01	-1.548298e-01
