4294A REV1.11
"DATE:     14 -100"


"MEASURE PARAMETER: IMPEDANCE - ADMITTANCE"
"ADAPTER: NONE"
"SWEEP TYPE: LOG FREQ"
"NUMBER of POINTS: 801"
"POINT DELAY TIME:  0 Sec"
"SWEEP DELAY TIME:  0 Sec"
"OSC LEVEL:  10 mVolt"
"DC BIAS:  5 Volt"
"BW: 1"
"SWEEP AVERAGING: OFF"
"POINT AVERAGING: OFF"


"TRACE: A"

"Frequency"	"Data Trace Real"	"Data Trace Imag"
4.00000000000e+01	6.509888e+00	-8.764669e+02
4.07480000000e+01	6.575472e+00	-8.613446e+02
4.15110000000e+01	6.222327e+00	-8.450771e+02
4.22870000000e+01	6.043333e+00	-8.300636e+02
4.30780000000e+01	6.461658e+00	-8.143943e+02
4.38840000000e+01	6.399156e+00	-7.992385e+02
4.47050000000e+01	6.087107e+00	-7.848423e+02
4.55410000000e+01	5.922546e+00	-7.709215e+02
4.63930000000e+01	6.328362e+00	-7.568052e+02
4.72610000000e+01	5.647390e+00	-7.427107e+02
4.81450000000e+01	5.470342e+00	-7.292682e+02
4.90460000000e+01	5.669735e+00	-7.154695e+02
4.99630000000e+01	5.759951e+00	-7.027576e+02
5.08980000000e+01	5.726132e+00	-6.893584e+02
5.18500000000e+01	5.508504e+00	-6.768251e+02
5.28200000000e+01	5.186223e+00	-6.642177e+02
5.38080000000e+01	5.905559e+00	-6.530569e+02
5.48150000000e+01	5.739930e+00	-6.403259e+02
5.58400000000e+01	5.239762e+00	-6.296770e+02
5.68850000000e+01	5.286961e+00	-6.169226e+02
5.79490000000e+01	5.647592e+00	-6.060988e+02
5.90330000000e+01	4.877270e+00	-5.948811e+02
6.01370000000e+01	5.147304e+00	-5.841145e+02
6.12620000000e+01	5.165098e+00	-5.735144e+02
6.24080000000e+01	5.101398e+00	-5.630198e+02
6.35750000000e+01	4.645492e+00	-5.529658e+02
6.47650000000e+01	4.517729e+00	-5.419719e+02
6.59760000000e+01	4.630613e+00	-5.321682e+02
6.72100000000e+01	4.921564e+00	-5.232428e+02
6.84680000000e+01	4.628988e+00	-5.133735e+02
6.97490000000e+01	4.427397e+00	-5.038180e+02
7.10530000000e+01	4.196426e+00	-4.945969e+02
7.23820000000e+01	4.141086e+00	-4.856575e+02
7.37360000000e+01	4.259809e+00	-4.766555e+02
7.51160000000e+01	4.243094e+00	-4.679292e+02
7.65210000000e+01	4.290620e+00	-4.592884e+02
7.79520000000e+01	4.324945e+00	-4.509586e+02
7.94110000000e+01	4.406945e+00	-4.427906e+02
8.08960000000e+01	4.210448e+00	-4.345419e+02
8.24100000000e+01	4.257116e+00	-4.269636e+02
8.39510000000e+01	3.983770e+00	-4.190360e+02
8.55220000000e+01	3.947689e+00	-4.114429e+02
8.71210000000e+01	3.508225e+00	-4.038958e+02
8.87510000000e+01	3.633410e+00	-3.961591e+02
9.04110000000e+01	3.691102e+00	-3.893422e+02
9.21030000000e+01	4.141834e+00	-3.820342e+02
9.38260000000e+01	3.579489e+00	-3.748047e+02
9.55810000000e+01	3.732361e+00	-3.683358e+02
9.73690000000e+01	3.531803e+00	-3.616682e+02
9.91900000000e+01	3.534020e+00	-3.551172e+02
1.01046000000e+02	3.619003e+00	-3.483921e+02
1.02936000000e+02	3.640849e+00	-3.418920e+02
1.04862000000e+02	3.368339e+00	-3.356226e+02
1.06823000000e+02	3.575475e+00	-3.297704e+02
1.08822000000e+02	3.205908e+00	-3.234171e+02
1.10857000000e+02	3.378594e+00	-3.177480e+02
1.12931000000e+02	3.317442e+00	-3.120187e+02
1.15044000000e+02	3.134012e+00	-3.060671e+02
1.17196000000e+02	3.093687e+00	-3.005273e+02
1.19388000000e+02	3.432040e+00	-2.952158e+02
1.21621000000e+02	3.243747e+00	-2.895815e+02
1.23897000000e+02	3.281714e+00	-2.843890e+02
1.26214000000e+02	3.168250e+00	-2.790294e+02
1.28575000000e+02	3.227936e+00	-2.742265e+02
1.30980000000e+02	3.053099e+00	-2.690369e+02
1.33431000000e+02	3.028845e+00	-2.642683e+02
1.35927000000e+02	2.953916e+00	-2.591140e+02
1.38469000000e+02	2.947678e+00	-2.545461e+02
1.41060000000e+02	2.924487e+00	-2.497826e+02
1.43699000000e+02	2.823336e+00	-2.453715e+02
1.46387000000e+02	3.098989e+00	-2.409304e+02
1.49125000000e+02	2.845675e+00	-2.364392e+02
1.51915000000e+02	2.770375e+00	-2.319504e+02
1.54757000000e+02	2.900109e+00	-2.278803e+02
1.57652000000e+02	2.846863e+00	-2.236118e+02
1.60601000000e+02	2.592268e+00	-2.195753e+02
1.63605000000e+02	2.864960e+00	-2.155309e+02
1.66666000000e+02	2.687414e+00	-2.116147e+02
1.69783000000e+02	2.594234e+00	-2.078571e+02
1.72959000000e+02	2.820669e+00	-2.040061e+02
1.76195000000e+02	2.531315e+00	-2.002575e+02
1.79491000000e+02	2.642593e+00	-1.966007e+02
1.82849000000e+02	2.547441e+00	-1.930251e+02
1.86269000000e+02	2.590313e+00	-1.892807e+02
1.89754000000e+02	2.480484e+00	-1.859356e+02
1.93303000000e+02	2.457276e+00	-1.826564e+02
1.96919000000e+02	2.549326e+00	-1.792715e+02
2.00603000000e+02	2.404150e+00	-1.759371e+02
2.04356000000e+02	2.587408e+00	-1.726570e+02
2.08178000000e+02	2.420621e+00	-1.696316e+02
2.12073000000e+02	2.443405e+00	-1.663478e+02
2.16040000000e+02	2.510316e+00	-1.635712e+02
2.20081000000e+02	2.435077e+00	-1.603536e+02
2.24198000000e+02	2.501501e+00	-1.574623e+02
2.28392000000e+02	2.415735e+00	-1.545895e+02
2.32665000000e+02	2.524941e+00	-1.518579e+02
2.37017000000e+02	2.279516e+00	-1.490637e+02
2.41451000000e+02	2.440686e+00	-1.462883e+02
2.45968000000e+02	2.377398e+00	-1.436914e+02
2.50569000000e+02	2.410718e+00	-1.409682e+02
2.55256000000e+02	2.370014e+00	-1.384338e+02
2.60031000000e+02	2.184509e+00	-1.357266e+02
2.64896000000e+02	2.229615e+00	-1.334558e+02
2.69851000000e+02	2.090765e+00	-1.309446e+02
2.74899000000e+02	2.212388e+00	-1.285577e+02
2.80042000000e+02	2.179313e+00	-1.261235e+02
2.85280000000e+02	2.153218e+00	-1.239686e+02
2.90617000000e+02	2.206612e+00	-1.217486e+02
2.96053000000e+02	2.177524e+00	-1.194180e+02
3.01591000000e+02	2.057014e+00	-1.172140e+02
3.07233000000e+02	2.113561e+00	-1.151134e+02
3.12981000000e+02	2.147930e+00	-1.130351e+02
3.18835000000e+02	1.922537e+00	-1.110409e+02
3.24800000000e+02	2.089120e+00	-1.089311e+02
3.30876000000e+02	2.137041e+00	-1.069005e+02
3.37065000000e+02	2.131127e+00	-1.050495e+02
3.43371000000e+02	2.136601e+00	-1.029887e+02
3.49794000000e+02	2.016979e+00	-1.011579e+02
3.56338000000e+02	2.206388e+00	-9.943564e+01
3.63003000000e+02	2.164176e+00	-9.738350e+01
3.69794000000e+02	2.025047e+00	-9.553946e+01
3.76712000000e+02	1.998317e+00	-9.414520e+01
3.83759000000e+02	2.005121e+00	-9.220105e+01
3.90938000000e+02	2.029049e+00	-9.060800e+01
3.98251000000e+02	1.906802e+00	-8.889415e+01
4.05701000000e+02	1.942266e+00	-8.734470e+01
4.13290000000e+02	1.925706e+00	-8.566696e+01
4.21021000000e+02	1.911524e+00	-8.410194e+01
4.28897000000e+02	1.956266e+00	-8.256055e+01
4.36920000000e+02	1.896104e+00	-8.107527e+01
4.45094000000e+02	1.878626e+00	-7.955734e+01
4.53420000000e+02	1.900631e+00	-7.824431e+01
4.61902000000e+02	1.806905e+00	-7.663358e+01
4.70543000000e+02	1.952478e+00	-7.529138e+01
4.79345000000e+02	1.889362e+00	-7.397853e+01
4.88312000000e+02	1.857519e+00	-7.261780e+01
4.97447000000e+02	1.853742e+00	-7.131102e+01
5.06752000000e+02	1.765610e+00	-6.989522e+01
5.16232000000e+02	1.757887e+00	-6.862134e+01
5.25889000000e+02	1.821491e+00	-6.740576e+01
5.35727000000e+02	1.824600e+00	-6.622285e+01
5.45748000000e+02	1.833571e+00	-6.496187e+01
5.55957000000e+02	1.741788e+00	-6.377832e+01
5.66358000000e+02	1.863281e+00	-6.256847e+01
5.76952000000e+02	1.776739e+00	-6.157127e+01
5.87745000000e+02	1.747167e+00	-6.038085e+01
5.98740000000e+02	1.855948e+00	-5.920029e+01
6.09940000000e+02	1.729606e+00	-5.814507e+01
6.21350000000e+02	1.748181e+00	-5.711500e+01
6.32974000000e+02	1.715782e+00	-5.609267e+01
6.44815000000e+02	1.721265e+00	-5.501643e+01
6.56877000000e+02	1.810897e+00	-5.395740e+01
6.69165000000e+02	1.693502e+00	-5.302352e+01
6.81683000000e+02	1.756226e+00	-5.204183e+01
6.94435000000e+02	1.655873e+00	-5.103883e+01
7.07425000000e+02	1.685856e+00	-5.024171e+01
7.20659000000e+02	1.746952e+00	-4.927377e+01
7.34140000000e+02	1.702834e+00	-4.833933e+01
7.47874000000e+02	1.714209e+00	-4.749388e+01
7.61864000000e+02	1.650615e+00	-4.667017e+01
7.76116000000e+02	1.685728e+00	-4.575366e+01
7.90634000000e+02	1.668081e+00	-4.489702e+01
8.05425000000e+02	1.672075e+00	-4.415332e+01
8.20491000000e+02	1.744046e+00	-4.328007e+01
8.35840000000e+02	1.664155e+00	-4.251406e+01
8.51476000000e+02	1.667738e+00	-4.177872e+01
8.67404000000e+02	1.565053e+00	-4.087526e+01
8.83630000000e+02	1.732199e+00	-4.015481e+01
9.00160000000e+02	1.647906e+00	-3.946935e+01
9.16999000000e+02	1.670061e+00	-3.875864e+01
9.34153000000e+02	1.633286e+00	-3.801694e+01
9.51628000000e+02	1.672047e+00	-3.746385e+01
9.69430000000e+02	1.582254e+00	-3.668227e+01
9.87565000000e+02	1.631072e+00	-3.600900e+01
1.00603900000e+03	1.685533e+00	-3.537691e+01
1.02485900000e+03	1.659911e+00	-3.471710e+01
1.04403000000e+03	1.667444e+00	-3.407024e+01
1.06356100000e+03	1.617804e+00	-3.342783e+01
1.08345700000e+03	1.579565e+00	-3.282446e+01
1.10372400000e+03	1.567721e+00	-3.228223e+01
1.12437200000e+03	1.622079e+00	-3.162159e+01
1.14540500000e+03	1.628061e+00	-3.102208e+01
1.16683200000e+03	1.572843e+00	-3.047395e+01
1.18865900000e+03	1.613425e+00	-2.992767e+01
1.21089500000e+03	1.554378e+00	-2.938974e+01
1.23354700000e+03	1.650154e+00	-2.884422e+01
1.25662300000e+03	1.572332e+00	-2.827089e+01
1.28013000000e+03	1.586708e+00	-2.779142e+01
1.30407700000e+03	1.611149e+00	-2.730617e+01
1.32847200000e+03	1.613194e+00	-2.675336e+01
1.35332300000e+03	1.577855e+00	-2.636034e+01
1.37863900000e+03	1.599900e+00	-2.586763e+01
1.40442900000e+03	1.537508e+00	-2.535150e+01
1.43070100000e+03	1.553442e+00	-2.488011e+01
1.45746500000e+03	1.558321e+00	-2.438322e+01
1.48472900000e+03	1.585478e+00	-2.401657e+01
1.51250400000e+03	1.557853e+00	-2.356915e+01
1.54079800000e+03	1.577052e+00	-2.314958e+01
1.56962100000e+03	1.579849e+00	-2.270284e+01
1.59898400000e+03	1.600765e+00	-2.229484e+01
1.62889500000e+03	1.575148e+00	-2.185139e+01
1.65936700000e+03	1.533180e+00	-2.149099e+01
1.69040800000e+03	1.604262e+00	-2.106819e+01
1.72203000000e+03	1.538618e+00	-2.072580e+01
1.75424300000e+03	1.552335e+00	-2.029633e+01
1.78705900000e+03	1.501540e+00	-1.994516e+01
1.82048900000e+03	1.540843e+00	-1.957386e+01
1.85454500000e+03	1.522106e+00	-1.925814e+01
1.88923700000e+03	1.539905e+00	-1.883688e+01
1.92457900000e+03	1.505615e+00	-1.854144e+01
1.96058100000e+03	1.517347e+00	-1.820675e+01
1.99725700000e+03	1.501270e+00	-1.787390e+01
2.03461900000e+03	1.520311e+00	-1.753443e+01
2.07268000000e+03	1.504586e+00	-1.722128e+01
2.11145300000e+03	1.509452e+00	-1.689832e+01
2.15095200000e+03	1.526761e+00	-1.660286e+01
2.19118900000e+03	1.498612e+00	-1.628388e+01
2.23217900000e+03	1.516330e+00	-1.598455e+01
2.27393600000e+03	1.498050e+00	-1.568453e+01
2.31647300000e+03	1.512918e+00	-1.540551e+01
2.35980700000e+03	1.500632e+00	-1.509436e+01
2.40395100000e+03	1.513107e+00	-1.486075e+01
2.44892100000e+03	1.530810e+00	-1.456705e+01
2.49473200000e+03	1.497051e+00	-1.431007e+01
2.54140100000e+03	1.501177e+00	-1.402120e+01
2.58894200000e+03	1.505009e+00	-1.381151e+01
2.63737300000e+03	1.511009e+00	-1.354102e+01
2.68670900000e+03	1.483368e+00	-1.328078e+01
2.73696900000e+03	1.536469e+00	-1.306907e+01
2.78816800000e+03	1.526658e+00	-1.282611e+01
2.84032600000e+03	1.525764e+00	-1.256280e+01
2.89345900000e+03	1.499254e+00	-1.237455e+01
2.94758600000e+03	1.503144e+00	-1.215681e+01
3.00272600000e+03	1.468424e+00	-1.192404e+01
3.05889700000e+03	1.466363e+00	-1.163222e+01
3.11611900000e+03	1.462456e+00	-1.147503e+01
3.17441100000e+03	1.488617e+00	-1.125604e+01
3.23379400000e+03	1.516857e+00	-1.107287e+01
3.29428700000e+03	1.490808e+00	-1.083594e+01
3.35591300000e+03	1.496954e+00	-1.065233e+01
3.41869100000e+03	1.477932e+00	-1.049902e+01
3.48264300000e+03	1.496383e+00	-1.029200e+01
3.54779200000e+03	1.474733e+00	-1.009508e+01
3.61415900000e+03	1.492815e+00	-9.918135e+00
3.68176800000e+03	1.445001e+00	-9.709286e+00
3.75064200000e+03	1.457896e+00	-9.569818e+00
3.82080400000e+03	1.461285e+00	-9.377935e+00
3.89227900000e+03	1.482981e+00	-9.205788e+00
3.96509100000e+03	1.446017e+00	-9.035858e+00
4.03926400000e+03	1.456539e+00	-8.870869e+00
4.11482600000e+03	1.451698e+00	-8.680706e+00
4.19180100000e+03	1.458503e+00	-8.555056e+00
4.27021500000e+03	1.450364e+00	-8.396471e+00
4.35009700000e+03	1.478224e+00	-8.240786e+00
4.43147300000e+03	1.451331e+00	-8.094217e+00
4.51437100000e+03	1.448813e+00	-7.921039e+00
4.59882000000e+03	1.451539e+00	-7.771608e+00
4.68484900000e+03	1.472674e+00	-7.655807e+00
4.77248700000e+03	1.455097e+00	-7.493561e+00
4.86176500000e+03	1.461741e+00	-7.382357e+00
4.95271200000e+03	1.454101e+00	-7.253068e+00
5.04536100000e+03	1.424844e+00	-7.110351e+00
5.13974400000e+03	1.476677e+00	-6.953032e+00
5.23589100000e+03	1.430291e+00	-6.864781e+00
5.33383700000e+03	1.474972e+00	-6.742608e+00
5.43361600000e+03	1.469023e+00	-6.587440e+00
5.53526100000e+03	1.474754e+00	-6.483760e+00
5.63880800000e+03	1.441337e+00	-6.342810e+00
5.74429100000e+03	1.453748e+00	-6.255160e+00
5.85174800000e+03	1.424167e+00	-6.110096e+00
5.96121500000e+03	1.477249e+00	-6.034179e+00
6.07273000000e+03	1.435023e+00	-5.911502e+00
6.18633000000e+03	1.452685e+00	-5.794223e+00
6.30205600000e+03	1.464170e+00	-5.717759e+00
6.41994700000e+03	1.422401e+00	-5.598446e+00
6.54004300000e+03	1.446889e+00	-5.495329e+00
6.66238600000e+03	1.460701e+00	-5.386396e+00
6.78701700000e+03	1.460568e+00	-5.314726e+00
6.91398000000e+03	1.438680e+00	-5.193204e+00
7.04331800000e+03	1.411739e+00	-5.114677e+00
7.17507500000e+03	1.445005e+00	-5.036870e+00
7.30929700000e+03	1.415733e+00	-4.920121e+00
7.44603000000e+03	1.444756e+00	-4.822318e+00
7.58532000000e+03	1.438444e+00	-4.715720e+00
7.72721700000e+03	1.439429e+00	-4.680629e+00
7.87176800000e+03	1.465654e+00	-4.542892e+00
8.01902200000e+03	1.432741e+00	-4.493629e+00
8.16903200000e+03	1.434324e+00	-4.419127e+00
8.32184800000e+03	1.412916e+00	-4.340413e+00
8.47752200000e+03	1.429457e+00	-4.224660e+00
8.63610900000e+03	1.466488e+00	-4.182864e+00
8.79766200000e+03	1.402403e+00	-4.101687e+00
8.96223700000e+03	1.457719e+00	-3.999696e+00
9.12989100000e+03	1.423685e+00	-3.958388e+00
9.30068100000e+03	1.433560e+00	-3.885666e+00
9.47466600000e+03	1.439005e+00	-3.817671e+00
9.65190600000e+03	1.405104e+00	-3.737956e+00
9.83246100000e+03	1.431309e+00	-3.653339e+00
1.00163940000e+04	1.434197e+00	-3.619772e+00
1.02037680000e+04	1.451755e+00	-3.532501e+00
1.03946470000e+04	1.416446e+00	-3.481370e+00
1.05890970000e+04	1.442873e+00	-3.412052e+00
1.07871840000e+04	1.438265e+00	-3.363699e+00
1.09889770000e+04	1.417330e+00	-3.289096e+00
1.11945440000e+04	1.432294e+00	-3.222061e+00
1.14039570000e+04	1.442993e+00	-3.177383e+00
1.16172880000e+04	1.428018e+00	-3.117926e+00
1.18346090000e+04	1.427240e+00	-3.051813e+00
1.20559960000e+04	1.412086e+00	-3.014185e+00
1.22815240000e+04	1.409111e+00	-2.957108e+00
1.25112700000e+04	1.412749e+00	-2.889587e+00
1.27453150000e+04	1.400486e+00	-2.852708e+00
1.29837380000e+04	1.425969e+00	-2.801467e+00
1.32266210000e+04	1.430972e+00	-2.755631e+00
1.34740470000e+04	1.402221e+00	-2.703679e+00
1.37261030000e+04	1.422471e+00	-2.670269e+00
1.39828730000e+04	1.420848e+00	-2.598879e+00
1.42444460000e+04	1.416078e+00	-2.544906e+00
1.45109130000e+04	1.414927e+00	-2.508112e+00
1.47823640000e+04	1.415126e+00	-2.462657e+00
1.50588940000e+04	1.414943e+00	-2.427568e+00
1.53405960000e+04	1.428676e+00	-2.372072e+00
1.56275680000e+04	1.396994e+00	-2.333463e+00
1.59199080000e+04	1.393626e+00	-2.284435e+00
1.62177180000e+04	1.397372e+00	-2.262815e+00
1.65210980000e+04	1.410154e+00	-2.217436e+00
1.68301530000e+04	1.413419e+00	-2.163683e+00
1.71449900000e+04	1.415239e+00	-2.134314e+00
1.74657160000e+04	1.417242e+00	-2.098371e+00
1.77924420000e+04	1.434372e+00	-2.057614e+00
1.81252800000e+04	1.412438e+00	-2.016020e+00
1.84643440000e+04	1.420708e+00	-1.989336e+00
1.88097520000e+04	1.414613e+00	-1.965796e+00
1.91616200000e+04	1.405119e+00	-1.930736e+00
1.95200710000e+04	1.416802e+00	-1.888068e+00
1.98852270000e+04	1.413339e+00	-1.853173e+00
2.02572140000e+04	1.410048e+00	-1.824538e+00
2.06361600000e+04	1.404371e+00	-1.786026e+00
2.10221950000e+04	1.412882e+00	-1.751790e+00
2.14154510000e+04	1.410365e+00	-1.731578e+00
2.18160630000e+04	1.391807e+00	-1.701239e+00
2.22241700000e+04	1.399836e+00	-1.675611e+00
2.26399110000e+04	1.400187e+00	-1.633294e+00
2.30634290000e+04	1.401423e+00	-1.611539e+00
2.34948700000e+04	1.406928e+00	-1.588992e+00
2.39343820000e+04	1.406974e+00	-1.550688e+00
2.43821150000e+04	1.396915e+00	-1.532552e+00
2.48382240000e+04	1.408490e+00	-1.497473e+00
2.53028660000e+04	1.403815e+00	-1.482564e+00
2.57761990000e+04	1.406465e+00	-1.453452e+00
2.62583870000e+04	1.397964e+00	-1.429960e+00
2.67495950000e+04	1.402634e+00	-1.411008e+00
2.72499920000e+04	1.400557e+00	-1.380662e+00
2.77597490000e+04	1.403673e+00	-1.356920e+00
2.82790430000e+04	1.412085e+00	-1.337423e+00
2.88080510000e+04	1.396258e+00	-1.317777e+00
2.93469550000e+04	1.387954e+00	-1.283122e+00
2.98959390000e+04	1.401864e+00	-1.260459e+00
3.04551940000e+04	1.396068e+00	-1.238517e+00
3.10249110000e+04	1.400151e+00	-1.232401e+00
3.16052840000e+04	1.396764e+00	-1.206963e+00
3.21965150000e+04	1.393382e+00	-1.187060e+00
3.27988060000e+04	1.391856e+00	-1.165365e+00
3.34123640000e+04	1.403036e+00	-1.148436e+00
3.40373990000e+04	1.392042e+00	-1.135364e+00
3.46741270000e+04	1.407934e+00	-1.115931e+00
3.53227660000e+04	1.384370e+00	-1.091380e+00
3.59835380000e+04	1.388582e+00	-1.074183e+00
3.66566720000e+04	1.387601e+00	-1.055316e+00
3.73423970000e+04	1.392058e+00	-1.044178e+00
3.80409510000e+04	1.396776e+00	-1.027753e+00
3.87525720000e+04	1.400495e+00	-1.021490e+00
3.94775050000e+04	1.385412e+00	-9.910077e-01
4.02159990000e+04	1.395669e+00	-9.846681e-01
4.09683080000e+04	1.378940e+00	-9.624139e-01
4.17346900000e+04	1.386409e+00	-9.375478e-01
4.25154090000e+04	1.381756e+00	-9.339627e-01
4.33107320000e+04	1.383763e+00	-9.152647e-01
4.41209330000e+04	1.383209e+00	-9.086972e-01
4.49462910000e+04	1.379884e+00	-8.911384e-01
4.57870880000e+04	1.376468e+00	-8.784966e-01
4.66436130000e+04	1.376110e+00	-8.550575e-01
4.75161620000e+04	1.380054e+00	-8.441563e-01
4.84050330000e+04	1.382440e+00	-8.305429e-01
4.93105320000e+04	1.380827e+00	-8.215286e-01
5.02329690000e+04	1.376453e+00	-8.037126e-01
5.11726630000e+04	1.369128e+00	-7.977432e-01
5.21299350000e+04	1.375468e+00	-7.848208e-01
5.31051140000e+04	1.374800e+00	-7.725658e-01
5.40985360000e+04	1.366291e+00	-7.608725e-01
5.51105420000e+04	1.370313e+00	-7.589499e-01
5.61414780000e+04	1.368549e+00	-7.397875e-01
5.71917010000e+04	1.366562e+00	-7.277938e-01
5.82615690000e+04	1.360236e+00	-7.214056e-01
5.93514510000e+04	1.369853e+00	-7.082691e-01
6.04617220000e+04	1.362186e+00	-7.062070e-01
6.15927610000e+04	1.359975e+00	-6.875135e-01
6.27449590000e+04	1.363983e+00	-6.799968e-01
6.39187110000e+04	1.361232e+00	-6.685280e-01
6.51144190000e+04	1.358159e+00	-6.627096e-01
6.63324960000e+04	1.359944e+00	-6.492391e-01
6.75733580000e+04	1.358062e+00	-6.417845e-01
6.88374340000e+04	1.352241e+00	-6.374538e-01
7.01251550000e+04	1.352915e+00	-6.250844e-01
7.14369660000e+04	1.348670e+00	-6.208735e-01
7.27733170000e+04	1.347717e+00	-6.087760e-01
7.41346660000e+04	1.345304e+00	-6.003523e-01
7.55214810000e+04	1.346376e+00	-5.979615e-01
7.69342400000e+04	1.342035e+00	-5.937814e-01
7.83734260000e+04	1.340178e+00	-5.799538e-01
7.98395350000e+04	1.343453e+00	-5.721729e-01
8.13330690000e+04	1.337708e+00	-5.729077e-01
8.28545430000e+04	1.339862e+00	-5.595188e-01
8.44044790000e+04	1.336614e+00	-5.483011e-01
8.59834090000e+04	1.337582e+00	-5.449734e-01
8.75918760000e+04	1.329655e+00	-5.369573e-01
8.92304310000e+04	1.323978e+00	-5.320245e-01
9.08996390000e+04	1.323613e+00	-5.331928e-01
9.26000720000e+04	1.323107e+00	-5.209908e-01
9.43323140000e+04	1.319223e+00	-5.110950e-01
9.60969610000e+04	1.316034e+00	-5.064417e-01
9.78946190000e+04	1.319566e+00	-4.993762e-01
9.97259050000e+04	1.314225e+00	-5.012106e-01
1.01591449000e+05	1.315738e+00	-4.961116e-01
1.03491890000e+05	1.312900e+00	-4.837048e-01
1.05427883000e+05	1.310633e+00	-4.830428e-01
1.07400091000e+05	1.308888e+00	-4.806815e-01
1.09409193000e+05	1.309801e+00	-4.702567e-01
1.11455879000e+05	1.305451e+00	-4.655339e-01
1.13540852000e+05	1.297865e+00	-4.579360e-01
1.15664827000e+05	1.295746e+00	-4.576435e-01
1.17828536000e+05	1.299433e+00	-4.490708e-01
1.20032720000e+05	1.288043e+00	-4.463462e-01
1.22278137000e+05	1.290286e+00	-4.380496e-01
1.24565558000e+05	1.286103e+00	-4.359525e-01
1.26895769000e+05	1.282573e+00	-4.345114e-01
1.29269572000e+05	1.284752e+00	-4.315698e-01
1.31687780000e+05	1.284686e+00	-4.188065e-01
1.34151225000e+05	1.278127e+00	-4.222552e-01
1.36660752000e+05	1.277499e+00	-4.180700e-01
1.39217225000e+05	1.270738e+00	-4.124633e-01
1.41821521000e+05	1.276992e+00	-4.037338e-01
1.44474535000e+05	1.270206e+00	-4.025414e-01
1.47177178000e+05	1.261351e+00	-4.017083e-01
1.49930378000e+05	1.262686e+00	-3.972881e-01
1.52735082000e+05	1.264175e+00	-3.807191e-01
1.55592253000e+05	1.261884e+00	-3.847499e-01
1.58502871000e+05	1.255628e+00	-3.837335e-01
1.61467938000e+05	1.254534e+00	-3.738354e-01
1.64488472000e+05	1.252258e+00	-3.715897e-01
1.67565510000e+05	1.250372e+00	-3.661021e-01
1.70700109000e+05	1.248981e+00	-3.617494e-01
1.73893346000e+05	1.243309e+00	-3.652803e-01
1.77146318000e+05	1.239402e+00	-3.600068e-01
1.80460142000e+05	1.240236e+00	-3.597453e-01
1.83835957000e+05	1.236519e+00	-3.487869e-01
1.87274923000e+05	1.232709e+00	-3.538014e-01
1.90778220000e+05	1.239234e+00	-3.435400e-01
1.94347053000e+05	1.233578e+00	-3.369273e-01
1.97982646000e+05	1.231681e+00	-3.353449e-01
2.01686250000e+05	1.225091e+00	-3.428400e-01
2.05459135000e+05	1.227757e+00	-3.333887e-01
2.09302599000e+05	1.223636e+00	-3.304624e-01
2.13217962000e+05	1.215599e+00	-3.278195e-01
2.17206568000e+05	1.213030e+00	-3.191285e-01
2.21269788000e+05	1.213797e+00	-3.220643e-01
2.25409017000e+05	1.210500e+00	-3.144404e-01
2.29625678000e+05	1.201144e+00	-3.148516e-01
2.33921218000e+05	1.200469e+00	-3.060302e-01
2.38297114000e+05	1.200955e+00	-3.012194e-01
2.42754869000e+05	1.201200e+00	-3.057970e-01
2.47296013000e+05	1.201308e+00	-2.992395e-01
2.51922107000e+05	1.198828e+00	-2.981768e-01
2.56634741000e+05	1.193969e+00	-2.969729e-01
2.61435532000e+05	1.196261e+00	-2.943259e-01
2.66326130000e+05	1.193576e+00	-2.931823e-01
2.71308215000e+05	1.190399e+00	-2.922534e-01
2.76383499000e+05	1.192320e+00	-2.857276e-01
2.81553724000e+05	1.183346e+00	-2.801172e-01
2.86820667000e+05	1.183271e+00	-2.848155e-01
2.92186138000e+05	1.179670e+00	-2.723558e-01
2.97651978000e+05	1.184312e+00	-2.754472e-01
3.03220067000e+05	1.175534e+00	-2.663364e-01
3.08892316000e+05	1.181512e+00	-2.691980e-01
3.14670675000e+05	1.168241e+00	-2.646099e-01
3.20557127000e+05	1.167834e+00	-2.642611e-01
3.26553695000e+05	1.166529e+00	-2.631192e-01
3.32662440000e+05	1.164158e+00	-2.596213e-01
3.38885459000e+05	1.156016e+00	-2.509854e-01
3.45224890000e+05	1.160475e+00	-2.552714e-01
3.51682912000e+05	1.161075e+00	-2.520044e-01
3.58261741000e+05	1.154673e+00	-2.513512e-01
3.64963639000e+05	1.155910e+00	-2.495664e-01
3.71790907000e+05	1.159187e+00	-2.522675e-01
3.78745891000e+05	1.154341e+00	-2.460050e-01
3.85830980000e+05	1.146789e+00	-2.432072e-01
3.93048607000e+05	1.147984e+00	-2.435368e-01
4.00401253000e+05	1.144023e+00	-2.411866e-01
4.07891442000e+05	1.151164e+00	-2.371574e-01
4.15521748000e+05	1.136565e+00	-2.349902e-01
4.23294792000e+05	1.140525e+00	-2.238134e-01
4.31213244000e+05	1.139879e+00	-2.305585e-01
4.39279824000e+05	1.148951e+00	-2.325916e-01
4.47497303000e+05	1.132865e+00	-2.315591e-01
4.55868505000e+05	1.126113e+00	-2.248183e-01
4.64396304000e+05	1.141243e+00	-2.264708e-01
4.73083630000e+05	1.130935e+00	-2.224938e-01
4.81933467000e+05	1.133238e+00	-2.247540e-01
4.90948855000e+05	1.122622e+00	-2.161950e-01
5.00132892000e+05	1.124780e+00	-2.187987e-01
5.09488732000e+05	1.117552e+00	-2.066980e-01
5.19019589000e+05	1.118540e+00	-2.117478e-01
5.28728737000e+05	1.128474e+00	-2.139850e-01
5.38619511000e+05	1.120633e+00	-2.021604e-01
5.48695309000e+05	1.107380e+00	-2.148769e-01
5.58959592000e+05	1.112558e+00	-2.129503e-01
5.69415885000e+05	1.115336e+00	-2.043599e-01
5.80067782000e+05	1.112160e+00	-2.086824e-01
5.90918941000e+05	1.112244e+00	-2.033773e-01
6.01973089000e+05	1.113107e+00	-1.986584e-01
6.13234023000e+05	1.100952e+00	-1.882612e-01
6.24705613000e+05	1.100501e+00	-2.034813e-01
6.36391799000e+05	1.096816e+00	-2.014857e-01
6.48296594000e+05	1.104006e+00	-1.945962e-01
6.60424089000e+05	1.097364e+00	-1.867018e-01
6.72778450000e+05	1.094375e+00	-1.866849e-01
6.85363919000e+05	1.096117e+00	-1.917330e-01
6.98184822000e+05	1.089012e+00	-1.879049e-01
7.11245562000e+05	1.097901e+00	-1.799455e-01
7.24550625000e+05	1.078419e+00	-1.851140e-01
7.38104581000e+05	1.088973e+00	-1.845230e-01
7.51912088000e+05	1.080968e+00	-1.798890e-01
7.65977888000e+05	1.075249e+00	-1.767016e-01
7.80306813000e+05	1.077552e+00	-1.722544e-01
7.94903784000e+05	1.076012e+00	-1.858202e-01
8.09773817000e+05	1.076140e+00	-1.747099e-01
8.24922019000e+05	1.080205e+00	-1.769863e-01
8.40353595000e+05	1.068184e+00	-1.658175e-01
8.56073844000e+05	1.067390e+00	-1.741033e-01
8.72088167000e+05	1.060931e+00	-1.640022e-01
8.88402066000e+05	1.072123e+00	-1.765367e-01
9.05021144000e+05	1.077850e+00	-1.689550e-01
9.21951110000e+05	1.072611e+00	-1.705889e-01
9.39197780000e+05	1.062199e+00	-1.611250e-01
9.56767078000e+05	1.059603e+00	-1.593470e-01
9.74665041000e+05	1.072014e+00	-1.638490e-01
9.92897815000e+05	1.056652e+00	-1.609904e-01
1.01147166400e+06	1.066750e+00	-1.567180e-01
1.03039296900e+06	1.063223e+00	-1.498387e-01
1.04966822900e+06	1.046853e+00	-1.518255e-01
1.06930406600e+06	1.050379e+00	-1.543369e-01
1.08930722500e+06	1.048968e+00	-1.517188e-01
1.10968457700e+06	1.060246e+00	-1.559370e-01
1.13044312200e+06	1.051935e+00	-1.439241e-01
1.15158999200e+06	1.051881e+00	-1.574795e-01
1.17313244900e+06	1.033824e+00	-1.426474e-01
1.19507789500e+06	1.043531e+00	-1.350949e-01
1.21743386800e+06	1.039598e+00	-1.505901e-01
1.24020804800e+06	1.054253e+00	-1.480331e-01
1.26340825800e+06	1.035937e+00	-1.429758e-01
1.28704246700e+06	1.037422e+00	-1.532992e-01
1.31111879400e+06	1.037637e+00	-1.359694e-01
1.33564551100e+06	1.032232e+00	-1.460540e-01
1.36063104100e+06	1.030280e+00	-1.389763e-01
1.38608396800e+06	1.038082e+00	-1.401447e-01
1.41201303600e+06	1.034558e+00	-1.326757e-01
1.43842715200e+06	1.030037e+00	-1.443866e-01
1.46533538800e+06	1.022657e+00	-1.470169e-01
1.49274698900e+06	1.034998e+00	-1.276909e-01
1.52067137100e+06	1.029545e+00	-1.341675e-01
1.54911812600e+06	1.026172e+00	-1.379949e-01
1.57809702700e+06	1.021112e+00	-1.326044e-01
1.60761802700e+06	1.011175e+00	-1.318217e-01
1.63769126700e+06	1.020421e+00	-1.244739e-01
1.66832708000e+06	1.008154e+00	-1.120926e-01
1.69953598700e+06	1.014995e+00	-1.262930e-01
1.73132871000e+06	1.012380e+00	-1.183801e-01
1.76371617100e+06	1.015112e+00	-1.195205e-01
1.79670949400e+06	1.004719e+00	-1.180579e-01
1.83032001300e+06	1.010981e+00	-1.165132e-01
1.86455927500e+06	1.006692e+00	-1.294501e-01
1.89943904100e+06	1.015456e+00	-1.143665e-01
1.93497129200e+06	1.003702e+00	-1.102630e-01
1.97116823500e+06	1.000541e+00	-1.182082e-01
2.00804230300e+06	9.976096e-01	-1.184687e-01
2.04560616400e+06	1.004838e+00	-1.099288e-01
2.08387272100e+06	1.002752e+00	-1.098838e-01
2.12285511900e+06	1.000995e+00	-1.142984e-01
2.16256675000e+06	1.003781e+00	-1.124118e-01
2.20302125400e+06	9.975767e-01	-1.195744e-01
2.24423252900e+06	1.003212e+00	-1.212225e-01
2.28621473200e+06	9.843193e-01	-1.077651e-01
2.32898228300e+06	9.853606e-01	-1.098653e-01
2.37254987400e+06	9.824220e-01	-1.022749e-01
2.41693247200e+06	9.794765e-01	-1.019550e-01
2.46214532100e+06	9.788741e-01	-1.040072e-01
2.50820395400e+06	9.804229e-01	-9.461379e-02
2.55512419300e+06	9.738576e-01	-9.260739e-02
2.60292215500e+06	9.718380e-01	-9.778707e-02
2.65161425900e+06	9.716642e-01	-9.384789e-02
2.70121723300e+06	9.783353e-01	-9.160636e-02
2.75174811400e+06	9.738710e-01	-1.033477e-01
2.80322426300e+06	9.701215e-01	-1.049949e-01
2.85566336000e+06	9.778777e-01	-9.947935e-02
2.90908342000e+06	9.683744e-01	-1.047473e-01
2.96350279400e+06	9.762452e-01	-8.116114e-02
3.01894017500e+06	9.744136e-01	-9.250590e-02
3.07541460700e+06	9.632595e-01	-8.985703e-02
3.13294549000e+06	9.631565e-01	-8.938608e-02
3.19155258600e+06	9.657007e-01	-8.935046e-02
3.25125602800e+06	9.609472e-01	-8.665586e-02
3.31207632400e+06	9.613621e-01	-8.113585e-02
3.37403436900e+06	9.589502e-01	-8.372234e-02
3.43715144400e+06	9.633883e-01	-8.109643e-02
3.50144923200e+06	9.588302e-01	-7.180122e-02
3.56694982000e+06	9.579690e-01	-7.700983e-02
3.63367570800e+06	9.520080e-01	-7.560262e-02
3.70164981800e+06	9.555780e-01	-7.407498e-02
3.77089550000e+06	9.493238e-01	-7.483785e-02
3.84143654100e+06	9.428537e-01	-7.326077e-02
3.91329717200e+06	9.500356e-01	-6.145521e-02
3.98650207900e+06	9.448092e-01	-6.286845e-02
4.06107640900e+06	9.372673e-01	-6.553106e-02
4.13704577900e+06	9.413639e-01	-6.824186e-02
4.21443628600e+06	9.362377e-01	-5.921827e-02
4.29327451400e+06	9.374846e-01	-6.071828e-02
4.37358754600e+06	9.373196e-01	-5.443525e-02
4.45540297100e+06	9.370146e-01	-5.423025e-02
4.53874889300e+06	9.298170e-01	-5.399927e-02
4.62365394300e+06	9.318287e-01	-5.154036e-02
4.71014728600e+06	9.333086e-01	-4.873293e-02
4.79825863600e+06	9.242430e-01	-5.436339e-02
4.88801825800e+06	9.327971e-01	-4.850956e-02
4.97945698800e+06	9.277844e-01	-4.549166e-02
5.07260623500e+06	9.249080e-01	-4.687539e-02
5.16749799800e+06	9.194242e-01	-3.740436e-02
5.26416487400e+06	9.292605e-01	-4.108910e-02
5.36264006800e+06	9.248105e-01	-4.362876e-02
5.46295740900e+06	9.267044e-01	-4.086269e-02
5.56515135800e+06	9.216322e-01	-3.840721e-02
5.66925701900e+06	9.182537e-01	-3.312366e-02
5.77531015400e+06	9.167621e-01	-3.664391e-02
5.88334719300e+06	9.151430e-01	-3.109533e-02
5.99340525100e+06	9.076548e-01	-2.756321e-02
6.10552213200e+06	9.108225e-01	-2.369595e-02
6.21973635100e+06	9.051764e-01	-2.151274e-02
6.33608714200e+06	9.025062e-01	-1.837493e-02
6.45461447300e+06	9.023598e-01	-1.814540e-02
6.57535906100e+06	9.065892e-01	-1.218553e-02
6.69836238200e+06	8.973377e-01	-1.723673e-02
6.82366669000e+06	9.000920e-01	-1.128353e-02
6.95131503000e+06	8.913863e-01	-8.834882e-03
7.08135124900e+06	8.960360e-01	-1.024432e-03
7.21382001800e+06	8.885220e-01	-2.344104e-03
7.34876684200e+06	8.984224e-01	-2.509733e-04
7.48623807700e+06	8.881465e-01	8.974209e-03
7.62628094600e+06	8.939203e-01	5.510393e-03
7.76894355600e+06	8.901107e-01	7.621905e-03
7.91427491300e+06	8.855039e-01	1.794910e-02
8.06232494200e+06	8.869977e-01	1.240141e-02
8.21314450000e+06	8.815733e-01	2.357834e-02
8.36678539400e+06	8.842697e-01	1.723192e-02
8.52330040500e+06	8.782642e-01	2.513848e-02
8.68274329600e+06	8.751179e-01	2.139575e-02
8.84516883800e+06	8.752085e-01	3.363034e-02
9.01063282800e+06	8.714019e-01	3.059197e-02
9.17919210400e+06	8.722454e-01	4.035190e-02
9.35090456900e+06	8.776968e-01	3.923271e-02
9.52582920900e+06	8.728040e-01	4.366194e-02
9.70402611300e+06	8.685528e-01	3.090676e-02
9.88555649500e+06	8.676836e-01	4.668240e-02
1.00704827130e+07	8.660564e-01	5.302043e-02
1.02588682910e+07	8.718915e-01	5.361951e-02
1.04507779430e+07	8.718821e-01	6.439415e-02
1.06462775940e+07	8.707668e-01	6.254114e-02
1.08454343980e+07	8.562431e-01	6.102164e-02
1.10483167720e+07	8.606511e-01	7.054651e-02
1.12549944060e+07	8.645515e-01	7.312840e-02
1.14655382990e+07	8.522666e-01	7.545929e-02
1.16800207740e+07	8.553588e-01	8.793531e-02
1.18985155110e+07	8.580925e-01	9.194070e-02
1.21210975650e+07	8.451949e-01	8.869143e-02
1.23478433960e+07	8.528190e-01	8.699633e-02
1.25788308950e+07	8.434931e-01	9.931578e-02
1.28141394100e+07	8.416355e-01	1.084957e-01
1.30538497730e+07	8.367897e-01	1.133748e-01
1.32980443270e+07	8.459386e-01	1.104365e-01
1.35468069580e+07	8.514237e-01	1.270694e-01
1.38002231190e+07	8.431237e-01	1.224297e-01
1.40583798610e+07	8.361064e-01	1.273620e-01
1.43213658660e+07	8.344131e-01	1.381610e-01
1.45892714740e+07	8.381135e-01	1.461667e-01
1.48621887140e+07	8.366473e-01	1.398699e-01
1.51402113360e+07	8.330084e-01	1.439842e-01
1.54234348470e+07	8.365177e-01	1.549379e-01
1.57119565370e+07	8.335607e-01	1.608356e-01
1.60058755190e+07	8.284495e-01	1.635516e-01
1.63052927560e+07	8.245646e-01	1.806769e-01
1.66103111050e+07	8.252994e-01	1.783840e-01
1.69210353420e+07	8.244178e-01	1.819070e-01
1.72375722070e+07	8.153479e-01	1.923853e-01
1.75600304350e+07	8.212430e-01	1.999769e-01
1.78885207950e+07	8.210076e-01	2.022776e-01
1.82231561280e+07	8.168788e-01	2.149764e-01
1.85640513860e+07	8.170410e-01	2.132200e-01
1.89113236730e+07	8.145783e-01	2.273581e-01
1.92650922800e+07	8.152369e-01	2.276355e-01
1.96254787340e+07	8.124849e-01	2.359055e-01
1.99926068310e+07	8.144850e-01	2.408803e-01
2.03666026870e+07	8.043960e-01	2.404230e-01
2.07475947740e+07	8.042357e-01	2.580793e-01
2.11357139690e+07	8.036507e-01	2.618092e-01
2.15310935960e+07	7.988740e-01	2.721273e-01
2.19338694740e+07	7.989211e-01	2.780973e-01
2.23441799630e+07	7.986244e-01	2.899333e-01
2.27621660100e+07	7.975291e-01	2.910830e-01
2.31879712010e+07	7.952123e-01	3.052462e-01
2.36217418040e+07	7.914879e-01	3.061374e-01
2.40636268280e+07	7.915634e-01	3.121283e-01
2.45137780650e+07	7.947234e-01	3.234027e-01
2.49723501510e+07	7.981845e-01	3.331210e-01
2.54395006100e+07	7.827796e-01	3.439140e-01
2.59153899160e+07	7.834976e-01	3.538851e-01
2.64001815450e+07	7.948778e-01	3.527204e-01
2.68940420290e+07	7.902867e-01	3.726819e-01
2.73971410170e+07	7.796582e-01	3.870200e-01
2.79096513310e+07	7.807254e-01	3.985626e-01
2.84317490250e+07	7.832559e-01	4.090517e-01
2.89636134490e+07	7.821653e-01	4.179338e-01
2.95054273050e+07	7.848508e-01	4.226169e-01
3.00573767140e+07	7.827467e-01	4.316814e-01
3.06196512800e+07	7.761348e-01	4.407709e-01
3.11924441520e+07	7.661223e-01	4.603437e-01
3.17759520930e+07	7.714912e-01	4.714839e-01
3.23703755460e+07	7.625614e-01	4.726803e-01
3.29759187060e+07	7.695887e-01	4.863645e-01
3.35927895840e+07	7.646607e-01	4.983064e-01
3.42212000850e+07	7.612586e-01	5.177631e-01
3.48613660790e+07	7.632104e-01	5.280635e-01
3.55135074700e+07	7.608590e-01	5.321378e-01
3.61778482800e+07	7.626982e-01	5.585598e-01
3.68546167200e+07	7.581482e-01	5.537007e-01
3.75440452690e+07	7.693834e-01	5.806483e-01
3.82463707560e+07	7.636130e-01	5.758226e-01
3.89618344410e+07	7.528069e-01	6.067206e-01
3.96906820970e+07	7.510039e-01	6.128682e-01
4.04331640920e+07	7.468526e-01	6.285564e-01
4.11895354820e+07	7.465664e-01	6.427515e-01
4.19600560900e+07	7.559030e-01	6.531028e-01
4.27449906010e+07	7.371984e-01	6.808881e-01
4.35446086540e+07	7.463062e-01	6.860808e-01
4.43591849280e+07	7.346547e-01	7.081583e-01
4.51889992420e+07	7.314435e-01	7.171146e-01
4.60343366500e+07	7.301565e-01	7.364889e-01
4.68954875380e+07	7.298497e-01	7.443376e-01
4.77727477250e+07	7.343533e-01	7.600349e-01
4.86664185610e+07	7.286061e-01	7.834212e-01
4.95768070360e+07	7.391071e-01	8.052677e-01
5.05042258830e+07	7.227346e-01	8.164238e-01
5.14489936840e+07	7.320579e-01	8.344913e-01
5.24114349790e+07	7.292323e-01	8.485832e-01
5.33918803830e+07	7.274348e-01	8.656235e-01
5.43906666920e+07	7.313750e-01	8.810169e-01
5.54081370050e+07	7.226627e-01	9.094130e-01
5.64446408380e+07	7.197400e-01	9.242200e-01
5.75005342460e+07	7.146763e-01	9.545447e-01
5.85761799430e+07	7.180129e-01	9.725779e-01
5.96719474300e+07	7.194426e-01	9.811648e-01
6.07882131190e+07	7.104284e-01	1.010413e+00
6.19253604650e+07	7.153534e-01	1.024919e+00
6.30837800930e+07	7.157029e-01	1.044594e+00
6.42638699390e+07	7.236741e-01	1.076826e+00
6.54660353810e+07	7.188020e-01	1.103397e+00
6.66906893810e+07	7.191106e-01	1.120259e+00
6.79382526260e+07	7.110758e-01	1.141626e+00
6.92091536720e+07	7.099141e-01	1.156823e+00
7.05038290920e+07	7.108625e-01	1.194276e+00
7.18227236270e+07	7.082108e-01	1.211748e+00
7.31662903370e+07	7.181501e-01	1.230902e+00
7.45349907570e+07	7.146573e-01	1.260679e+00
7.59292950560e+07	7.095715e-01	1.289514e+00
7.73496821980e+07	7.042589e-01	1.306520e+00
7.87966401080e+07	7.114638e-01	1.337892e+00
8.02706658360e+07	7.134244e-01	1.372251e+00
8.17722657330e+07	7.133625e-01	1.391375e+00
8.33019556210e+07	7.092730e-01	1.429710e+00
8.48602609700e+07	7.116625e-01	1.450080e+00
8.64477170830e+07	7.061342e-01	1.486984e+00
8.80648692730e+07	7.123655e-01	1.516002e+00
8.97122730570e+07	7.077415e-01	1.541045e+00
9.13904943420e+07	7.013915e-01	1.574713e+00
9.31001096230e+07	7.090082e-01	1.607930e+00
9.48417061770e+07	7.134116e-01	1.644907e+00
9.66158822700e+07	7.045790e-01	1.677486e+00
9.84232473560e+07	7.125250e-01	1.712556e+00
1.00264422293e+08	7.128296e-01	1.745134e+00
1.02140039551e+08	7.098281e-01	1.785905e+00
1.04050743434e+08	7.070211e-01	1.811914e+00
1.05997190296e+08	7.126622e-01	1.849728e+00
1.07980048771e+08	7.120407e-01	1.877903e+00
1.10000000000e+08	7.127311e-01	1.926863e+00


"TRACE: B"

"Frequency"	"Data Trace Real"	"Data Trace Imag"
4.00000000000e+01	8.473806e-06	1.140881e-03
4.07480000000e+01	8.862326e-06	1.160908e-03
4.15110000000e+01	8.712376e-06	1.183260e-03
4.22870000000e+01	8.770630e-06	1.204663e-03
4.30780000000e+01	9.741978e-06	1.227829e-03
4.38840000000e+01	1.001710e-05	1.251111e-03
4.47050000000e+01	9.881434e-06	1.274065e-03
4.55410000000e+01	9.964660e-06	1.297072e-03
4.63930000000e+01	1.104823e-05	1.321252e-03
4.72610000000e+01	1.023725e-05	1.346341e-03
4.81450000000e+01	1.028527e-05	1.371160e-03
4.90460000000e+01	1.107524e-05	1.397596e-03
4.99630000000e+01	1.166215e-05	1.422870e-03
5.08980000000e+01	1.204873e-05	1.450524e-03
5.18500000000e+01	1.202408e-05	1.477389e-03
5.28200000000e+01	1.175449e-05	1.505439e-03
5.38080000000e+01	1.384597e-05	1.531135e-03
5.48150000000e+01	1.399811e-05	1.561579e-03
5.58400000000e+01	1.321435e-05	1.588006e-03
5.68850000000e+01	1.389034e-05	1.620830e-03
5.79490000000e+01	1.537230e-05	1.649753e-03
5.90330000000e+01	1.378121e-05	1.680895e-03
6.01370000000e+01	1.508517e-05	1.711860e-03
6.12620000000e+01	1.570199e-05	1.743494e-03
6.24080000000e+01	1.609186e-05	1.775991e-03
6.35750000000e+01	1.519163e-05	1.808302e-03
6.47650000000e+01	1.537930e-05	1.844986e-03
6.59760000000e+01	1.634962e-05	1.878963e-03
6.72100000000e+01	1.797456e-05	1.910990e-03
6.84680000000e+01	1.756240e-05	1.947741e-03
6.97490000000e+01	1.744085e-05	1.984691e-03
7.10530000000e+01	1.715322e-05	2.021703e-03
7.23820000000e+01	1.755588e-05	2.058915e-03
7.37360000000e+01	1.874762e-05	2.097784e-03
7.51160000000e+01	1.937701e-05	2.136900e-03
7.65210000000e+01	2.033814e-05	2.177091e-03
7.79520000000e+01	2.126509e-05	2.217294e-03
7.94110000000e+01	2.247491e-05	2.258180e-03
8.08960000000e+01	2.229586e-05	2.301058e-03
8.24100000000e+01	2.335021e-05	2.341887e-03
8.39510000000e+01	2.268571e-05	2.386214e-03
8.55220000000e+01	2.331760e-05	2.430247e-03
8.71210000000e+01	2.150384e-05	2.475699e-03
8.87510000000e+01	2.314933e-05	2.524026e-03
9.04110000000e+01	2.434748e-05	2.568203e-03
9.21030000000e+01	2.837508e-05	2.617259e-03
9.38260000000e+01	2.547835e-05	2.667813e-03
9.55810000000e+01	2.750750e-05	2.714635e-03
9.73690000000e+01	2.699818e-05	2.764702e-03
9.91900000000e+01	2.802093e-05	2.815693e-03
1.01046000000e+02	2.981299e-05	2.870020e-03
1.02936000000e+02	3.114409e-05	2.924569e-03
1.04862000000e+02	2.989990e-05	2.979238e-03
1.06823000000e+02	3.287452e-05	3.032057e-03
1.08822000000e+02	3.064662e-05	3.091679e-03
1.10857000000e+02	3.345963e-05	3.146792e-03
1.12931000000e+02	3.407164e-05	3.204574e-03
1.15044000000e+02	3.345199e-05	3.266915e-03
1.17196000000e+02	3.425014e-05	3.327132e-03
1.19388000000e+02	3.937445e-05	3.386895e-03
1.21621000000e+02	3.867683e-05	3.452826e-03
1.23897000000e+02	4.057114e-05	3.515842e-03
1.26214000000e+02	4.068773e-05	3.583390e-03
1.28575000000e+02	4.291863e-05	3.646115e-03
1.30980000000e+02	4.217559e-05	3.716483e-03
1.33431000000e+02	4.336405e-05	3.783536e-03
1.35927000000e+02	4.399060e-05	3.858804e-03
1.38469000000e+02	4.548717e-05	3.928035e-03
1.41060000000e+02	4.686686e-05	4.002933e-03
1.43699000000e+02	4.688747e-05	4.074913e-03
1.46387000000e+02	5.337835e-05	4.149891e-03
1.49125000000e+02	5.089595e-05	4.228804e-03
1.51915000000e+02	5.148568e-05	4.310652e-03
1.54757000000e+02	5.583805e-05	4.387558e-03
1.57652000000e+02	5.692550e-05	4.471311e-03
1.60601000000e+02	5.375913e-05	4.553611e-03
1.63605000000e+02	6.166273e-05	4.638886e-03
1.66666000000e+02	6.000298e-05	4.724807e-03
1.69783000000e+02	6.003603e-05	4.810249e-03
1.72959000000e+02	6.776144e-05	4.900876e-03
1.76195000000e+02	6.311017e-05	4.992774e-03
1.79491000000e+02	6.835676e-05	5.085532e-03
1.82849000000e+02	6.835986e-05	5.179773e-03
1.86269000000e+02	7.228667e-05	5.282169e-03
1.89754000000e+02	7.173552e-05	5.377250e-03
1.93303000000e+02	7.363864e-05	5.473770e-03
1.96919000000e+02	7.930765e-05	5.577004e-03
2.00603000000e+02	7.765435e-05	5.682789e-03
2.04356000000e+02	8.677586e-05	5.790529e-03
2.08178000000e+02	8.410557e-05	5.893927e-03
2.12073000000e+02	8.828108e-05	6.010204e-03
2.16040000000e+02	9.380211e-05	6.112108e-03
2.20081000000e+02	9.467929e-05	6.234779e-03
2.24198000000e+02	1.008643e-04	6.349123e-03
2.28392000000e+02	1.010609e-04	6.467164e-03
2.32665000000e+02	1.094602e-04	6.583282e-03
2.37017000000e+02	1.025646e-04	6.706975e-03
2.41451000000e+02	1.140176e-04	6.833915e-03
2.45968000000e+02	1.151122e-04	6.957452e-03
2.50569000000e+02	1.212766e-04	7.091722e-03
2.55256000000e+02	1.236344e-04	7.221552e-03
2.60031000000e+02	1.185527e-04	7.365843e-03
2.64896000000e+02	1.251509e-04	7.491028e-03
2.69851000000e+02	1.219043e-04	7.634868e-03
2.74899000000e+02	1.338248e-04	7.776307e-03
2.80042000000e+02	1.369613e-04	7.926370e-03
2.85280000000e+02	1.400663e-04	8.064128e-03
2.90617000000e+02	1.488179e-04	8.210948e-03
2.96053000000e+02	1.526437e-04	8.371163e-03
3.01591000000e+02	1.496734e-04	8.528780e-03
3.07233000000e+02	1.594471e-04	8.684160e-03
3.12981000000e+02	1.680494e-04	8.843619e-03
3.18835000000e+02	1.558758e-04	9.002994e-03
3.24800000000e+02	1.759947e-04	9.176737e-03
3.30876000000e+02	1.869305e-04	9.350760e-03
3.37065000000e+02	1.930381e-04	9.515409e-03
3.43371000000e+02	2.013525e-04	9.705622e-03
3.49794000000e+02	1.970284e-04	9.881603e-03
3.56338000000e+02	2.230406e-04	1.005181e-02
3.63003000000e+02	2.280905e-04	1.026361e-02
3.69794000000e+02	2.217556e-04	1.046218e-02
3.76712000000e+02	2.253577e-04	1.061711e-02
3.83759000000e+02	2.357564e-04	1.084074e-02
3.90938000000e+02	2.470255e-04	1.103102e-02
3.98251000000e+02	2.411902e-04	1.124416e-02
4.05701000000e+02	2.544609e-04	1.144323e-02
4.13290000000e+02	2.622672e-04	1.166722e-02
4.21021000000e+02	2.701117e-04	1.188419e-02
4.28897000000e+02	2.868395e-04	1.210553e-02
4.36920000000e+02	2.883022e-04	1.232747e-02
4.45094000000e+02	2.966454e-04	1.256255e-02
4.53420000000e+02	3.102674e-04	1.277295e-02
4.61902000000e+02	3.075075e-04	1.304186e-02
4.70543000000e+02	3.441943e-04	1.327281e-02
4.79345000000e+02	3.450011e-04	1.350862e-02
4.88312000000e+02	3.520166e-04	1.376172e-02
4.97447000000e+02	3.642862e-04	1.401361e-02
5.06752000000e+02	3.611793e-04	1.429801e-02
5.16232000000e+02	3.730678e-04	1.456317e-02
5.25889000000e+02	4.006047e-04	1.482470e-02
5.35727000000e+02	4.157406e-04	1.508907e-02
5.45748000000e+02	4.341451e-04	1.538139e-02
5.55957000000e+02	4.278832e-04	1.566762e-02
5.66358000000e+02	4.755349e-04	1.596833e-02
5.76952000000e+02	4.682803e-04	1.622783e-02
5.87745000000e+02	4.788201e-04	1.654769e-02
5.98740000000e+02	5.290437e-04	1.687522e-02
6.09940000000e+02	5.111370e-04	1.718316e-02
6.21350000000e+02	5.354013e-04	1.749215e-02
6.32974000000e+02	5.448083e-04	1.781097e-02
6.44815000000e+02	5.681172e-04	1.815861e-02
6.56877000000e+02	6.213021e-04	1.851229e-02
6.69165000000e+02	6.017356e-04	1.884034e-02
6.81683000000e+02	6.477105e-04	1.919345e-02
6.94435000000e+02	6.349928e-04	1.957233e-02
7.07425000000e+02	6.671187e-04	1.988140e-02
7.20659000000e+02	7.186276e-04	2.026930e-02
7.34140000000e+02	7.278342e-04	2.066145e-02
7.47874000000e+02	7.589674e-04	2.102795e-02
7.61864000000e+02	7.568752e-04	2.140019e-02
7.76116000000e+02	8.041676e-04	2.182654e-02
7.90634000000e+02	8.263861e-04	2.224249e-02
8.05425000000e+02	8.564593e-04	2.261592e-02
8.20491000000e+02	9.295601e-04	2.306787e-02
8.35840000000e+02	9.193133e-04	2.348564e-02
8.51476000000e+02	9.539507e-04	2.389755e-02
8.67404000000e+02	9.353446e-04	2.442886e-02
8.83630000000e+02	1.072298e-03	2.485736e-02
9.00160000000e+02	1.055981e-03	2.529203e-02
9.16999000000e+02	1.109659e-03	2.575288e-02
9.34153000000e+02	1.127994e-03	2.625560e-02
9.51628000000e+02	1.188939e-03	2.663933e-02
9.69430000000e+02	1.173698e-03	2.721050e-02
9.87565000000e+02	1.255339e-03	2.771398e-02
1.00603900000e+03	1.343731e-03	2.820300e-02
1.02485900000e+03	1.374061e-03	2.873855e-02
1.04403000000e+03	1.433052e-03	2.928100e-02
1.06356100000e+03	1.444420e-03	2.984528e-02
1.08345700000e+03	1.462642e-03	3.039471e-02
1.10372400000e+03	1.500786e-03	3.090391e-02
1.12437200000e+03	1.617943e-03	3.154097e-02
1.14540500000e+03	1.687076e-03	3.214657e-02
1.16683200000e+03	1.689167e-03	3.272773e-02
1.18865900000e+03	1.796150e-03	3.331706e-02
1.21089500000e+03	1.794536e-03	3.393057e-02
1.23354700000e+03	1.976913e-03	3.455589e-02
1.25662300000e+03	1.961210e-03	3.526300e-02
1.28013000000e+03	2.047681e-03	3.586542e-02
1.30407700000e+03	2.153301e-03	3.649471e-02
1.32847200000e+03	2.245710e-03	3.724307e-02
1.35332300000e+03	2.262622e-03	3.780035e-02
1.37863900000e+03	2.381888e-03	3.851104e-02
1.40442900000e+03	2.383502e-03	3.930085e-02
1.43070100000e+03	2.499774e-03	4.003667e-02
1.45746500000e+03	2.610385e-03	4.084498e-02
1.48472900000e+03	2.736841e-03	4.145724e-02
1.51250400000e+03	2.792195e-03	4.224380e-02
1.54079800000e+03	2.929198e-03	4.299777e-02
1.56962100000e+03	3.050403e-03	4.383508e-02
1.59898400000e+03	3.203952e-03	4.462339e-02
1.62889500000e+03	3.281804e-03	4.552712e-02
1.65936700000e+03	3.302748e-03	4.629550e-02
1.69040800000e+03	3.593438e-03	4.719130e-02
1.72203000000e+03	3.562227e-03	4.798460e-02
1.75424300000e+03	3.746429e-03	4.898347e-02
1.78705900000e+03	3.753251e-03	4.985493e-02
1.82048900000e+03	3.996891e-03	5.077391e-02
1.85454500000e+03	4.078606e-03	5.160375e-02
1.88923700000e+03	4.311052e-03	5.273492e-02
1.92457900000e+03	4.350837e-03	5.357995e-02
1.96058100000e+03	4.545843e-03	5.454585e-02
1.99725700000e+03	4.666240e-03	5.555557e-02
2.03461900000e+03	4.907909e-03	5.660511e-02
2.07268000000e+03	5.034815e-03	5.762780e-02
2.11145300000e+03	5.244217e-03	5.870904e-02
2.15095200000e+03	5.492225e-03	5.972555e-02
2.19118900000e+03	5.604161e-03	6.089466e-02
2.23217900000e+03	5.881691e-03	6.200246e-02
2.27393600000e+03	6.034473e-03	6.318073e-02
2.31647300000e+03	6.313853e-03	6.429177e-02
2.35980700000e+03	6.521892e-03	6.560154e-02
2.40395100000e+03	6.781236e-03	6.660088e-02
2.44892100000e+03	7.135235e-03	6.789826e-02
2.49473200000e+03	7.231454e-03	6.912433e-02
2.54140100000e+03	7.549381e-03	7.051227e-02
2.58894200000e+03	7.797052e-03	7.155375e-02
2.63737300000e+03	8.139357e-03	7.294146e-02
2.68670900000e+03	8.306488e-03	7.436902e-02
2.73696900000e+03	8.873054e-03	7.547340e-02
2.78816800000e+03	9.150434e-03	7.687678e-02
2.84032600000e+03	9.526987e-03	7.844305e-02
2.89345900000e+03	9.649124e-03	7.964197e-02
2.94758600000e+03	1.001778e-02	8.101975e-02
3.00272600000e+03	1.017345e-02	8.261138e-02
3.05889700000e+03	1.066766e-02	8.462332e-02
3.11611900000e+03	1.092892e-02	8.575285e-02
3.17441100000e+03	1.154733e-02	8.731408e-02
3.23379400000e+03	1.214366e-02	8.864727e-02
3.29428700000e+03	1.246077e-02	9.057115e-02
3.35591300000e+03	1.293678e-02	9.205817e-02
3.41869100000e+03	1.314726e-02	9.339627e-02
3.48264300000e+03	1.383435e-02	9.515147e-02
3.54779200000e+03	1.416848e-02	9.698839e-02
3.61415900000e+03	1.483942e-02	9.859188e-02
3.68176800000e+03	1.499613e-02	1.007624e-01
3.75064200000e+03	1.555804e-02	1.021250e-01
3.82080400000e+03	1.622190e-02	1.041056e-01
3.89227900000e+03	1.705639e-02	1.058797e-01
3.96509100000e+03	1.726841e-02	1.079067e-01
4.03926400000e+03	1.802339e-02	1.097692e-01
4.11482600000e+03	1.874075e-02	1.120639e-01
4.19180100000e+03	1.936506e-02	1.135885e-01
4.27021500000e+03	1.997629e-02	1.156471e-01
4.35009700000e+03	2.108865e-02	1.175648e-01
4.43147300000e+03	2.146218e-02	1.196967e-01
4.51437100000e+03	2.234377e-02	1.221592e-01
4.59882000000e+03	2.322282e-02	1.243361e-01
4.68484900000e+03	2.422953e-02	1.259590e-01
4.77248700000e+03	2.497130e-02	1.285990e-01
4.86176500000e+03	2.580945e-02	1.303477e-01
4.95271200000e+03	2.657279e-02	1.325454e-01
5.04536100000e+03	2.709485e-02	1.352105e-01
5.13974400000e+03	2.922653e-02	1.376150e-01
5.23589100000e+03	2.908813e-02	1.396105e-01
5.33383700000e+03	3.096188e-02	1.415375e-01
5.43361600000e+03	3.224910e-02	1.446124e-01
5.53526100000e+03	3.335489e-02	1.466448e-01
5.63880800000e+03	3.406716e-02	1.499174e-01
5.74429100000e+03	3.525058e-02	1.516755e-01
5.85174800000e+03	3.618171e-02	1.552302e-01
5.96121500000e+03	3.827708e-02	1.563519e-01
6.07273000000e+03	3.877901e-02	1.597481e-01
6.18633000000e+03	4.071049e-02	1.623791e-01
6.30205600000e+03	4.202970e-02	1.641310e-01
6.41994700000e+03	4.263048e-02	1.677898e-01
6.54004300000e+03	4.480626e-02	1.701755e-01
6.66238600000e+03	4.689714e-02	1.729352e-01
6.78701700000e+03	4.807731e-02	1.749441e-01
6.91398000000e+03	4.954274e-02	1.788345e-01
7.04331800000e+03	5.014537e-02	1.816748e-01
7.17507500000e+03	5.262583e-02	1.834384e-01
7.30929700000e+03	5.401111e-02	1.877057e-01
7.44603000000e+03	5.701016e-02	1.902890e-01
7.58532000000e+03	5.917786e-02	1.940056e-01
7.72721700000e+03	6.002564e-02	1.951869e-01
7.87176800000e+03	6.432256e-02	1.993720e-01
8.01902200000e+03	6.440602e-02	2.020022e-01
8.16903200000e+03	6.644705e-02	2.047222e-01
8.32184800000e+03	6.781287e-02	2.083180e-01
8.47752200000e+03	7.186414e-02	2.123895e-01
8.63610900000e+03	7.464205e-02	2.129016e-01
8.79766200000e+03	7.463333e-02	2.182843e-01
8.96223700000e+03	8.043693e-02	2.207032e-01
9.12989100000e+03	8.045364e-02	2.236919e-01
9.30068100000e+03	8.357247e-02	2.265233e-01
9.47466600000e+03	8.645088e-02	2.293536e-01
9.65190600000e+03	8.811291e-02	2.344041e-01
9.83246100000e+03	9.296910e-02	2.372987e-01
1.00163940000e+04	9.460605e-02	2.387764e-01
1.02037680000e+04	9.952962e-02	2.421818e-01
1.03946470000e+04	1.002704e-01	2.464467e-01
1.05890970000e+04	1.051352e-01	2.486197e-01
1.07871840000e+04	1.074689e-01	2.513397e-01
1.09889770000e+04	1.104961e-01	2.564202e-01
1.11945440000e+04	1.151997e-01	2.591510e-01
1.14039570000e+04	1.184918e-01	2.609119e-01
1.16172880000e+04	1.214229e-01	2.651141e-01
1.18346090000e+04	1.257416e-01	2.688685e-01
1.20559960000e+04	1.274526e-01	2.720556e-01
1.22815240000e+04	1.313234e-01	2.755904e-01
1.25112700000e+04	1.365559e-01	2.793066e-01
1.27453150000e+04	1.386716e-01	2.824658e-01
1.29837380000e+04	1.443054e-01	2.835033e-01
1.32266210000e+04	1.484228e-01	2.858187e-01
1.34740470000e+04	1.511649e-01	2.914671e-01
1.37261030000e+04	1.553974e-01	2.917128e-01
1.39828730000e+04	1.619573e-01	2.962367e-01
1.42444460000e+04	1.669544e-01	3.000424e-01
1.45109130000e+04	1.706243e-01	3.024502e-01
1.47823640000e+04	1.754159e-01	3.052655e-01
1.50588940000e+04	1.792167e-01	3.074759e-01
1.53405960000e+04	1.863205e-01	3.093534e-01
1.56275680000e+04	1.888687e-01	3.154760e-01
1.59199080000e+04	1.946178e-01	3.190179e-01
1.62177180000e+04	1.975649e-01	3.199239e-01
1.65210980000e+04	2.042057e-01	3.211090e-01
1.68301530000e+04	2.116126e-01	3.239398e-01
1.71449900000e+04	2.157969e-01	3.254422e-01
1.74657160000e+04	2.210387e-01	3.272704e-01
1.77924420000e+04	2.279966e-01	3.270624e-01
1.81252800000e+04	2.331018e-01	3.327140e-01
1.84643440000e+04	2.377409e-01	3.328949e-01
1.88097520000e+04	2.411758e-01	3.351464e-01
1.91616200000e+04	2.464214e-01	3.386009e-01
1.95200710000e+04	2.542659e-01	3.388415e-01
1.98852270000e+04	2.601983e-01	3.411724e-01
2.02572140000e+04	2.651874e-01	3.431405e-01
2.06361600000e+04	2.720518e-01	3.459851e-01
2.10221950000e+04	2.789499e-01	3.458616e-01
2.14154510000e+04	2.827805e-01	3.471841e-01
2.18160630000e+04	2.880789e-01	3.521257e-01
2.22241700000e+04	2.936383e-01	3.514865e-01
2.26399110000e+04	3.025355e-01	3.529026e-01
2.30634290000e+04	3.072592e-01	3.533269e-01
2.34948700000e+04	3.123492e-01	3.527690e-01
2.39343820000e+04	3.209185e-01	3.536984e-01
2.43821150000e+04	3.248574e-01	3.564003e-01
2.48382240000e+04	3.332703e-01	3.543250e-01
2.53028660000e+04	3.367519e-01	3.556425e-01
2.57761990000e+04	3.438229e-01	3.553094e-01
2.62583870000e+04	3.495706e-01	3.575716e-01
2.67495950000e+04	3.543504e-01	3.564659e-01
2.72499920000e+04	3.621081e-01	3.569643e-01
2.77597490000e+04	3.682703e-01	3.560040e-01
2.82790430000e+04	3.733023e-01	3.535645e-01
2.88080510000e+04	3.787929e-01	3.575015e-01
2.93469550000e+04	3.884760e-01	3.591343e-01
2.98959390000e+04	3.944492e-01	3.546612e-01
3.04551940000e+04	4.008315e-01	3.555962e-01
3.10249110000e+04	4.024307e-01	3.542161e-01
3.16052840000e+04	4.098836e-01	3.541861e-01
3.21965150000e+04	4.158573e-01	3.542803e-01
3.27988060000e+04	4.223711e-01	3.536403e-01
3.34123640000e+04	4.267901e-01	3.493432e-01
3.40373990000e+04	4.313958e-01	3.518508e-01
3.46741270000e+04	4.362198e-01	3.457485e-01
3.53227660000e+04	4.454803e-01	3.511982e-01
3.59835380000e+04	4.505415e-01	3.485310e-01
3.66566720000e+04	4.565786e-01	3.472430e-01
3.73423970000e+04	4.597082e-01	3.448257e-01
3.80409510000e+04	4.644681e-01	3.417573e-01
3.87525720000e+04	4.660816e-01	3.399495e-01
3.94775050000e+04	4.774874e-01	3.415544e-01
4.02159990000e+04	4.783845e-01	3.375085e-01
4.09683080000e+04	4.876515e-01	3.403502e-01
4.17346900000e+04	4.949470e-01	3.347038e-01
4.25154090000e+04	4.967601e-01	3.357723e-01
4.33107320000e+04	5.027278e-01	3.325202e-01
4.41209330000e+04	5.050056e-01	3.317628e-01
4.49462910000e+04	5.114076e-01	3.302704e-01
4.57870880000e+04	5.162231e-01	3.294665e-01
4.66436130000e+04	5.242720e-01	3.257609e-01
4.75161620000e+04	5.273120e-01	3.225482e-01
4.84050330000e+04	5.315151e-01	3.193238e-01
4.93105320000e+04	5.348741e-01	3.182255e-01
5.02329690000e+04	5.417876e-01	3.163504e-01
5.11726630000e+04	5.452726e-01	3.177115e-01
5.21299350000e+04	5.484636e-01	3.129447e-01
5.31051140000e+04	5.528095e-01	3.106501e-01
5.40985360000e+04	5.586554e-01	3.111092e-01
5.51105420000e+04	5.584537e-01	3.093003e-01
5.61414780000e+04	5.654665e-01	3.056704e-01
5.71917010000e+04	5.700717e-01	3.036047e-01
5.82615690000e+04	5.737776e-01	3.043049e-01
5.93514510000e+04	5.760180e-01	2.978244e-01
6.04617220000e+04	5.786001e-01	2.999675e-01
6.15927610000e+04	5.856391e-01	2.960604e-01
6.27449590000e+04	5.872035e-01	2.927431e-01
6.39187110000e+04	5.918702e-01	2.906791e-01
6.51144190000e+04	5.946978e-01	2.901810e-01
6.63324960000e+04	5.988412e-01	2.858876e-01
6.75733580000e+04	6.019192e-01	2.844513e-01
6.88374340000e+04	6.050558e-01	2.852266e-01
7.01251550000e+04	6.091169e-01	2.814290e-01
7.14369660000e+04	6.118098e-01	2.816527e-01
7.27733170000e+04	6.162543e-01	2.783676e-01
7.41346660000e+04	6.198798e-01	2.766261e-01
7.55214810000e+04	6.203679e-01	2.755221e-01
7.69342400000e+04	6.231490e-01	2.757113e-01
7.83734260000e+04	6.284764e-01	2.719693e-01
7.98395350000e+04	6.300641e-01	2.683424e-01
8.13330690000e+04	6.316839e-01	2.705348e-01
8.28545430000e+04	6.355202e-01	2.653897e-01
8.44044790000e+04	6.403952e-01	2.627007e-01
8.59834090000e+04	6.411813e-01	2.612377e-01
8.75918760000e+04	6.466233e-01	2.611271e-01
8.92304310000e+04	6.502941e-01	2.613128e-01
9.08996390000e+04	6.500261e-01	2.618508e-01
9.26000720000e+04	6.543415e-01	2.576556e-01
9.43323140000e+04	6.590950e-01	2.553475e-01
9.60969610000e+04	6.618463e-01	2.546945e-01
9.78946190000e+04	6.628883e-01	2.508633e-01
9.97259050000e+04	6.642870e-01	2.533415e-01
1.01591449000e+05	6.654238e-01	2.509044e-01
1.03491890000e+05	6.706417e-01	2.470809e-01
1.05427883000e+05	6.717441e-01	2.475758e-01
1.07400091000e+05	6.732123e-01	2.472333e-01
1.09409193000e+05	6.762984e-01	2.428108e-01
1.11455879000e+05	6.795954e-01	2.423489e-01
1.13540852000e+05	6.851932e-01	2.417621e-01
1.15664827000e+05	6.861624e-01	2.423452e-01
1.17828536000e+05	6.874616e-01	2.375798e-01
1.20032720000e+05	6.931371e-01	2.401930e-01
1.22278137000e+05	6.949255e-01	2.359259e-01
1.24565558000e+05	6.974093e-01	2.364021e-01
1.26895769000e+05	6.994098e-01	2.369469e-01
1.29269572000e+05	6.994358e-01	2.349522e-01
1.31687780000e+05	7.036228e-01	2.293805e-01
1.34151225000e+05	7.054038e-01	2.330444e-01
1.36660752000e+05	7.070557e-01	2.313886e-01
1.39217225000e+05	7.119377e-01	2.310848e-01
1.41821521000e+05	7.119278e-01	2.250831e-01
1.44474535000e+05	7.154225e-01	2.267248e-01
1.47177178000e+05	7.197948e-01	2.292364e-01
1.49930378000e+05	7.206230e-01	2.267348e-01
1.52735082000e+05	7.252513e-01	2.184168e-01
1.55592253000e+05	7.250608e-01	2.210719e-01
1.58502871000e+05	7.283847e-01	2.226023e-01
1.61467938000e+05	7.321007e-01	2.181569e-01
1.64488472000e+05	7.339333e-01	2.177843e-01
1.67565510000e+05	7.366133e-01	2.156764e-01
1.70700109000e+05	7.386854e-01	2.139497e-01
1.73893346000e+05	7.403969e-01	2.175263e-01
1.77146318000e+05	7.440627e-01	2.161265e-01
1.80460142000e+05	7.437240e-01	2.157260e-01
1.83835957000e+05	7.491186e-01	2.113050e-01
1.87274923000e+05	7.494824e-01	2.151099e-01
1.90778220000e+05	7.493612e-01	2.077376e-01
1.94347053000e+05	7.543738e-01	2.060422e-01
1.97982646000e+05	7.558669e-01	2.057969e-01
2.01686250000e+05	7.569823e-01	2.118404e-01
2.05459135000e+05	7.585608e-01	2.059819e-01
2.09302599000e+05	7.616826e-01	2.057045e-01
2.13217962000e+05	7.668687e-01	2.068071e-01
2.17206568000e+05	7.710174e-01	2.028421e-01
2.21269788000e+05	7.696736e-01	2.042224e-01
2.25409017000e+05	7.738866e-01	2.010254e-01
2.29625678000e+05	7.790135e-01	2.042000e-01
2.33921218000e+05	7.821763e-01	1.993966e-01
2.38297114000e+05	7.833883e-01	1.964867e-01
2.42754869000e+05	7.818311e-01	1.990356e-01
2.47296013000e+05	7.837929e-01	1.952386e-01
2.51922107000e+05	7.855509e-01	1.953850e-01
2.56634741000e+05	7.887467e-01	1.961830e-01
2.61435532000e+05	7.882232e-01	1.939331e-01
2.66326130000e+05	7.901446e-01	1.940861e-01
2.71308215000e+05	7.922992e-01	1.945165e-01
2.76383499000e+05	7.931522e-01	1.900710e-01
2.81553724000e+05	8.002214e-01	1.894253e-01
2.86820667000e+05	7.988328e-01	1.922806e-01
2.92186138000e+05	8.047967e-01	1.858071e-01
2.97651978000e+05	8.010409e-01	1.863061e-01
3.03220067000e+05	8.091420e-01	1.833243e-01
3.08892316000e+05	8.046048e-01	1.833228e-01
3.14670675000e+05	8.142156e-01	1.844222e-01
3.20557127000e+05	8.145767e-01	1.843250e-01
3.26553695000e+05	8.157424e-01	1.839968e-01
3.32662440000e+05	8.182924e-01	1.824891e-01
3.38885459000e+05	8.260997e-01	1.793566e-01
3.45224890000e+05	8.219442e-01	1.808042e-01
3.51682912000e+05	8.225230e-01	1.785237e-01
3.58261741000e+05	8.268645e-01	1.799932e-01
3.64963639000e+05	8.265883e-01	1.784644e-01
3.71790907000e+05	8.236643e-01	1.792495e-01
3.78745891000e+05	8.286601e-01	1.765983e-01
3.85830980000e+05	8.344688e-01	1.769714e-01
3.93048607000e+05	8.335775e-01	1.768377e-01
4.00401253000e+05	8.369105e-01	1.764401e-01
4.07891442000e+05	8.333183e-01	1.716764e-01
4.15521748000e+05	8.437745e-01	1.744543e-01
4.23294792000e+05	8.442767e-01	1.656784e-01
4.31213244000e+05	8.428056e-01	1.704707e-01
4.39279824000e+05	8.360952e-01	1.692577e-01
4.47497303000e+05	8.473171e-01	1.731928e-01
4.55868505000e+05	8.539737e-01	1.704881e-01
4.64396304000e+05	8.430396e-01	1.672947e-01
4.73083630000e+05	8.512759e-01	1.674752e-01
4.81933467000e+05	8.490310e-01	1.683875e-01
4.90948855000e+05	8.589166e-01	1.654105e-01
5.00132892000e+05	8.566469e-01	1.666399e-01
5.09488732000e+05	8.652150e-01	1.600267e-01
5.19019589000e+05	8.630920e-01	1.633897e-01
5.28728737000e+05	8.553953e-01	1.622030e-01
5.38619511000e+05	8.642275e-01	1.559052e-01
5.48695309000e+05	8.702655e-01	1.688671e-01
5.58959592000e+05	8.670635e-01	1.659611e-01
5.69415885000e+05	8.674682e-01	1.589438e-01
5.80067782000e+05	8.685709e-01	1.629760e-01
5.90918941000e+05	8.699947e-01	1.590813e-01
6.01973089000e+05	8.706538e-01	1.553873e-01
6.13234023000e+05	8.825004e-01	1.509063e-01
6.24705613000e+05	8.786385e-01	1.624592e-01
6.36391799000e+05	8.819672e-01	1.620178e-01
6.48296594000e+05	8.784980e-01	1.548473e-01
6.60424089000e+05	8.856382e-01	1.506794e-01
6.72778450000e+05	8.879254e-01	1.514676e-01
6.85363919000e+05	8.852260e-01	1.548439e-01
6.98184822000e+05	8.917151e-01	1.538620e-01
7.11245562000e+05	8.870015e-01	1.453792e-01
7.24550625000e+05	9.007428e-01	1.546153e-01
7.38104581000e+05	8.926664e-01	1.512595e-01
7.51912088000e+05	9.001673e-01	1.498010e-01
7.65977888000e+05	9.055617e-01	1.488160e-01
7.80306813000e+05	9.049056e-01	1.446557e-01
7.94903784000e+05	9.024438e-01	1.558460e-01
8.09773817000e+05	9.053838e-01	1.469878e-01
8.24922019000e+05	9.015476e-01	1.477141e-01
8.40353595000e+05	9.141397e-01	1.419047e-01
8.56073844000e+05	9.125847e-01	1.488528e-01
8.72088167000e+05	9.205701e-01	1.423047e-01
8.88402066000e+05	9.081068e-01	1.495297e-01
9.05021144000e+05	9.055232e-01	1.419425e-01
9.21951110000e+05	9.093049e-01	1.446166e-01
9.39197780000e+05	9.202682e-01	1.395956e-01
9.56767078000e+05	9.228782e-01	1.387858e-01
9.74665041000e+05	9.115293e-01	1.393202e-01
9.92897815000e+05	9.249148e-01	1.409190e-01
1.01147166400e+06	9.176216e-01	1.348093e-01
1.03039296900e+06	9.222205e-01	1.299674e-01
1.04966822900e+06	9.355658e-01	1.356855e-01
1.06930406600e+06	9.319178e-01	1.369310e-01
1.08930722500e+06	9.337836e-01	1.350590e-01
1.10968457700e+06	9.232075e-01	1.357819e-01
1.13044312200e+06	9.331610e-01	1.276736e-01
1.15158999200e+06	9.298367e-01	1.392079e-01
1.17313244900e+06	9.492112e-01	1.309725e-01
1.19507789500e+06	9.424887e-01	1.220139e-01
1.21743386800e+06	9.421416e-01	1.364731e-01
1.24020804800e+06	9.301988e-01	1.306140e-01
1.26340825800e+06	9.472656e-01	1.307377e-01
1.28704246700e+06	9.433293e-01	1.393951e-01
1.31111879400e+06	9.474595e-01	1.241528e-01
1.33564551100e+06	9.497603e-01	1.343848e-01
1.36063104100e+06	9.532649e-01	1.285876e-01
1.38608396800e+06	9.460718e-01	1.277230e-01
1.41201303600e+06	9.509566e-01	1.219544e-01
1.43842715200e+06	9.521300e-01	1.334659e-01
1.46533538800e+06	9.580455e-01	1.377284e-01
1.49274698900e+06	9.516993e-01	1.174140e-01
1.52067137100e+06	9.550829e-01	1.244638e-01
1.54911812600e+06	9.571863e-01	1.287180e-01
1.57809702700e+06	9.630830e-01	1.250687e-01
1.60761802700e+06	9.724217e-01	1.267696e-01
1.63769126700e+06	9.656199e-01	1.177892e-01
1.66832708000e+06	9.797992e-01	1.089400e-01
1.69953598700e+06	9.702055e-01	1.207200e-01
1.73132871000e+06	9.744474e-01	1.139445e-01
1.76371617100e+06	9.716429e-01	1.144024e-01
1.79670949400e+06	9.817483e-01	1.153587e-01
1.83032001300e+06	9.761729e-01	1.125017e-01
1.86455927500e+06	9.771938e-01	1.256569e-01
1.89943904100e+06	9.724442e-01	1.095223e-01
1.93497129200e+06	9.844312e-01	1.081460e-01
1.97116823500e+06	9.857004e-01	1.164548e-01
2.00804230300e+06	9.884567e-01	1.173817e-01
2.04560616400e+06	9.834160e-01	1.075853e-01
2.08387272100e+06	9.854222e-01	1.079848e-01
2.12285511900e+06	9.861481e-01	1.126030e-01
2.16256675000e+06	9.838940e-01	1.101847e-01
2.20302125400e+06	9.882306e-01	1.184541e-01
2.24423252900e+06	9.824537e-01	1.187143e-01
2.28621473200e+06	1.003898e+00	1.099086e-01
2.32898228300e+06	1.002395e+00	1.117646e-01
2.37254987400e+06	1.006979e+00	1.048314e-01
2.41693247200e+06	1.010010e+00	1.051333e-01
2.46214532100e+06	1.010177e+00	1.073332e-01
2.50820395400e+06	1.010557e+00	9.752182e-02
2.55512419300e+06	1.017642e+00	9.677098e-02
2.60292215500e+06	1.018665e+00	1.024988e-01
2.65161425900e+06	1.019650e+00	9.848260e-02
2.70121723300e+06	1.013261e+00	9.487660e-02
2.75174811400e+06	1.015395e+00	1.077543e-01
2.80322426300e+06	1.018864e+00	1.102702e-01
2.85566336000e+06	1.012148e+00	1.029657e-01
2.90908342000e+06	1.020716e+00	1.104090e-01
2.96350279400e+06	1.017302e+00	8.457442e-02
3.01894017500e+06	1.017092e+00	9.655753e-02
3.07541460700e+06	1.029186e+00	9.600694e-02
3.13294549000e+06	1.029387e+00	9.553262e-02
3.19155258600e+06	1.026728e+00	9.499694e-02
3.25125602800e+06	1.032246e+00	9.308539e-02
3.31207632400e+06	1.032834e+00	8.716786e-02
3.37403436900e+06	1.034919e+00	9.035485e-02
3.43715144400e+06	1.030699e+00	8.676257e-02
3.50144923200e+06	1.037122e+00	7.766400e-02
3.56694982000e+06	1.037173e+00	8.337690e-02
3.63367570800e+06	1.043828e+00	8.289443e-02
3.70164981800e+06	1.040236e+00	8.063756e-02
3.77089550000e+06	1.046875e+00	8.252812e-02
3.84143654100e+06	1.054245e+00	8.191600e-02
3.91329717200e+06	1.048206e+00	6.780559e-02
3.98650207900e+06	1.053749e+00	7.011740e-02
4.06107640900e+06	1.061741e+00	7.423393e-02
4.13704577900e+06	1.056735e+00	7.660542e-02
4.21443628600e+06	1.063849e+00	6.728984e-02
4.29327451400e+06	1.062228e+00	6.879758e-02
4.37358754600e+06	1.063286e+00	6.175078e-02
4.45540297100e+06	1.063656e+00	6.155972e-02
4.53874889300e+06	1.071865e+00	6.224876e-02
4.62365394300e+06	1.069885e+00	5.917642e-02
4.71014728600e+06	1.068544e+00	5.579426e-02
4.79825863600e+06	1.078236e+00	6.342117e-02
4.88801825800e+06	1.069153e+00	5.560067e-02
4.97945698800e+06	1.075251e+00	5.272235e-02
5.07260623500e+06	1.078419e+00	5.465548e-02
5.16749799800e+06	1.085840e+00	4.417456e-02
5.26416487400e+06	1.074025e+00	4.749014e-02
5.36264006800e+06	1.078901e+00	5.089813e-02
5.46295740900e+06	1.076999e+00	4.748986e-02
5.56515135800e+06	1.083151e+00	4.513817e-02
5.66925701900e+06	1.087608e+00	3.923270e-02
5.77531015400e+06	1.089056e+00	4.353066e-02
5.88334719300e+06	1.091465e+00	3.708652e-02
5.99340525100e+06	1.100725e+00	3.342629e-02
6.10552213200e+06	1.097166e+00	2.854386e-02
6.21973635100e+06	1.104133e+00	2.624123e-02
6.33608714200e+06	1.107566e+00	2.254993e-02
6.45461447300e+06	1.107757e+00	2.227571e-02
6.57535906100e+06	1.102836e+00	1.482330e-02
6.69836238200e+06	1.113997e+00	2.139848e-02
6.82366669000e+06	1.110823e+00	1.392525e-02
6.95131503000e+06	1.121738e+00	1.111799e-02
7.08135124900e+06	1.116025e+00	1.275945e-03
7.21382001800e+06	1.125457e+00	2.969187e-03
7.34876684200e+06	1.113062e+00	3.109327e-04
7.48623807700e+06	1.125825e+00	-1.137582e-02
7.62628094600e+06	1.118626e+00	-6.895543e-03
7.76894355600e+06	1.123373e+00	-9.619303e-03
7.91427491300e+06	1.128837e+00	-2.288144e-02
8.06232494200e+06	1.127178e+00	-1.575946e-02
8.21314450000e+06	1.133525e+00	-3.031697e-02
8.36678539400e+06	1.130447e+00	-2.202922e-02
8.52330040500e+06	1.137678e+00	-3.256364e-02
8.68274329600e+06	1.142021e+00	-2.792125e-02
8.84516883800e+06	1.140900e+00	-4.383969e-02
9.01063282800e+06	1.146163e+00	-4.023791e-02
9.17919210400e+06	1.144018e+00	-5.292467e-02
9.35090456900e+06	1.137074e+00	-5.082676e-02
9.52582920900e+06	1.142872e+00	-5.717209e-02
9.70402611300e+06	1.149884e+00	-4.091773e-02
9.88555649500e+06	1.149167e+00	-6.182655e-02
1.00704827130e+07	1.150348e+00	-7.042488e-02
1.02588682910e+07	1.142610e+00	-7.026816e-02
1.04507779430e+07	1.140722e+00	-8.424969e-02
1.06462775940e+07	1.142519e+00	-8.205926e-02
1.08454343980e+07	1.161991e+00	-8.281128e-02
1.10483167720e+07	1.154156e+00	-9.460477e-02
1.12549944060e+07	1.148452e+00	-9.714223e-02
1.14655382990e+07	1.164215e+00	-1.030791e-01
1.16800207740e+07	1.156873e+00	-1.189325e-01
1.18985155110e+07	1.152149e+00	-1.234475e-01
1.21210975650e+07	1.170273e+00	-1.228038e-01
1.23478433960e+07	1.160506e+00	-1.183835e-01
1.25788308950e+07	1.169335e+00	-1.376815e-01
1.28141394100e+07	1.168741e+00	-1.506631e-01
1.30538497730e+07	1.173501e+00	-1.589951e-01
1.32980443270e+07	1.162310e+00	-1.517385e-01
1.35468069580e+07	1.148913e+00	-1.714677e-01
1.38002231190e+07	1.161573e+00	-1.686716e-01
1.40583798610e+07	1.168897e+00	-1.780551e-01
1.43213658660e+07	1.166467e+00	-1.931420e-01
1.45892714740e+07	1.157937e+00	-2.019438e-01
1.48621887140e+07	1.162749e+00	-1.943873e-01
1.51402113360e+07	1.165643e+00	-2.014795e-01
1.54234348470e+07	1.155782e+00	-2.140713e-01
1.57119565370e+07	1.156612e+00	-2.231684e-01
1.60058755190e+07	1.161794e+00	-2.293602e-01
1.63052927560e+07	1.157201e+00	-2.535635e-01
1.66103111050e+07	1.157600e+00	-2.502090e-01
1.69210353420e+07	1.156664e+00	-2.552168e-01
1.72375722070e+07	1.161788e+00	-2.741295e-01
1.75600304350e+07	1.149507e+00	-2.799107e-01
1.78885207950e+07	1.148311e+00	-2.829177e-01
1.82231561280e+07	1.144880e+00	-3.012959e-01
1.85640513860e+07	1.145890e+00	-2.990384e-01
1.89113236730e+07	1.138905e+00	-3.178813e-01
1.92650922800e+07	1.137917e+00	-3.177363e-01
1.96254787340e+07	1.135099e+00	-3.295768e-01
1.99926068310e+07	1.129020e+00	-3.339025e-01
2.03666026870e+07	1.141220e+00	-3.410951e-01
2.07475947740e+07	1.127328e+00	-3.617596e-01
2.11357139690e+07	1.124933e+00	-3.664750e-01
2.15310935960e+07	1.121616e+00	-3.820655e-01
2.19338694740e+07	1.116415e+00	-3.886141e-01
2.23441799630e+07	1.106339e+00	-4.016463e-01
2.27621660100e+07	1.106478e+00	-4.038433e-01
2.31879712010e+07	1.096032e+00	-4.207172e-01
2.36217418040e+07	1.099024e+00	-4.250886e-01
2.40636268280e+07	1.093325e+00	-4.311184e-01
2.45137780650e+07	1.079531e+00	-4.393017e-01
2.49723501510e+07	1.066994e+00	-4.453084e-01
2.54395006100e+07	1.070804e+00	-4.704572e-01
2.59153899160e+07	1.060065e+00	-4.788034e-01
2.64001815450e+07	1.051089e+00	-4.664118e-01
2.68940420290e+07	1.035159e+00	-4.881583e-01
2.73971410170e+07	1.029046e+00	-5.108154e-01
2.79096513310e+07	1.016061e+00	-5.187022e-01
2.84317490250e+07	1.003129e+00	-5.238791e-01
2.89636134490e+07	9.945503e-01	-5.314173e-01
2.95054273050e+07	9.877359e-01	-5.318640e-01
3.00573767140e+07	9.796075e-01	-5.402493e-01
3.06196512800e+07	9.742308e-01	-5.532706e-01
3.11924441520e+07	9.590198e-01	-5.762510e-01
3.17759520930e+07	9.437250e-01	-5.767418e-01
3.23703755460e+07	9.473677e-01	-5.872340e-01
3.29759187060e+07	9.285385e-01	-5.868176e-01
3.35927895840e+07	9.179432e-01	-5.981960e-01
3.42212000850e+07	8.981414e-01	-6.108627e-01
3.48613660790e+07	8.860721e-01	-6.130713e-01
3.55135074700e+07	8.825882e-01	-6.172740e-01
3.61778482800e+07	8.534187e-01	-6.249987e-01
3.68546167200e+07	8.601898e-01	-6.282250e-01
3.75440452690e+07	8.280925e-01	-6.249556e-01
3.82463707560e+07	8.348449e-01	-6.295369e-01
3.89618344410e+07	8.052891e-01	-6.490183e-01
3.96906820970e+07	7.992683e-01	-6.522551e-01
4.04331640920e+07	7.837912e-01	-6.596441e-01
4.11895354820e+07	7.692668e-01	-6.622952e-01
4.19600560900e+07	7.574691e-01	-6.544558e-01
4.27449906010e+07	7.320230e-01	-6.761080e-01
4.35446086540e+07	7.262050e-01	-6.676017e-01
4.43591849280e+07	7.055808e-01	-6.801329e-01
4.51889992420e+07	6.971022e-01	-6.834460e-01
4.60343366500e+07	6.788715e-01	-6.847591e-01
4.68954875380e+07	6.716084e-01	-6.849402e-01
4.77727477250e+07	6.574760e-01	-6.804691e-01
4.86664185610e+07	6.365509e-01	-6.844404e-01
4.95768070360e+07	6.186367e-01	-6.740134e-01
5.05042258830e+07	6.079054e-01	-6.867092e-01
5.14489936840e+07	5.940657e-01	-6.771904e-01
5.24114349790e+07	5.825129e-01	-6.778507e-01
5.33918803830e+07	5.689906e-01	-6.770802e-01
5.43906666920e+07	5.578331e-01	-6.719677e-01
5.54081370050e+07	5.355940e-01	-6.740021e-01
5.64446408380e+07	5.245122e-01	-6.735275e-01
5.75005342460e+07	5.026144e-01	-6.713080e-01
5.85761799430e+07	4.913016e-01	-6.654882e-01
5.96719474300e+07	4.860172e-01	-6.628229e-01
6.07882131190e+07	4.656585e-01	-6.622867e-01
6.19253604650e+07	4.579170e-01	-6.560785e-01
6.30837800930e+07	4.463636e-01	-6.514838e-01
6.42638699390e+07	4.299246e-01	-6.397271e-01
6.54660353810e+07	4.144955e-01	-6.362713e-01
6.66906893810e+07	4.057955e-01	-6.321645e-01
6.79382526260e+07	3.930899e-01	-6.311026e-01
6.92091536720e+07	3.853585e-01	-6.279514e-01
7.05038290920e+07	3.680137e-01	-6.182768e-01
7.18227236270e+07	3.595169e-01	-6.151330e-01
7.31662903370e+07	3.536187e-01	-6.060990e-01
7.45349907570e+07	3.403052e-01	-6.003099e-01
7.59292950560e+07	3.275443e-01	-5.952507e-01
7.73496821980e+07	3.196855e-01	-5.930708e-01
7.87966401080e+07	3.098527e-01	-5.826711e-01
8.02706658360e+07	2.982486e-01	-5.736722e-01
8.17722657330e+07	2.917865e-01	-5.691137e-01
8.33019556210e+07	2.784587e-01	-5.613004e-01
8.48602609700e+07	2.727518e-01	-5.557576e-01
8.64477170830e+07	2.605905e-01	-5.487539e-01
8.80648692730e+07	2.538970e-01	-5.403243e-01
8.97122730570e+07	2.461094e-01	-5.358818e-01
9.13904943420e+07	2.360259e-01	-5.299082e-01
9.31001096230e+07	2.295912e-01	-5.206804e-01
9.48417061770e+07	2.219234e-01	-5.116869e-01
9.66158822700e+07	2.128387e-01	-5.067335e-01
9.84232473560e+07	2.070968e-01	-4.977579e-01
1.00264422293e+08	2.005926e-01	-4.910865e-01
1.02140039551e+08	1.921929e-01	-4.835511e-01
1.04050743434e+08	1.868986e-01	-4.789734e-01
1.05997190296e+08	1.813675e-01	-4.707428e-01
1.07980048771e+08	1.765309e-01	-4.655741e-01
1.10000000000e+08	1.688622e-01	-4.565175e-01
