4294A REV1.11
"DATE:     14 -100"


"MEASURE PARAMETER: IMPEDANCE - ADMITTANCE"
"ADAPTER: NONE"
"SWEEP TYPE: LOG FREQ"
"NUMBER of POINTS: 801"
"POINT DELAY TIME:  0 Sec"
"SWEEP DELAY TIME:  0 Sec"
"OSC LEVEL:  10 mVolt"
"DC BIAS:  5 Volt"
"BW: 1"
"SWEEP AVERAGING: OFF"
"POINT AVERAGING: OFF"


"TRACE: A"

"Frequency"	"Data Trace Real"	"Data Trace Imag"
4.00000000000e+01	7.390084e+00	-8.772200e+02
4.07480000000e+01	7.246368e+00	-8.606564e+02
4.15110000000e+01	6.831586e+00	-8.452014e+02
4.22870000000e+01	6.217937e+00	-8.303689e+02
4.30780000000e+01	6.107612e+00	-8.148119e+02
4.38840000000e+01	6.316197e+00	-7.997111e+02
4.47050000000e+01	6.572652e+00	-7.851403e+02
4.55410000000e+01	5.860857e+00	-7.705748e+02
4.63930000000e+01	5.845764e+00	-7.563243e+02
4.72610000000e+01	6.619177e+00	-7.432860e+02
4.81450000000e+01	6.429164e+00	-7.291630e+02
4.90460000000e+01	5.820458e+00	-7.163463e+02
4.99630000000e+01	5.665894e+00	-7.027620e+02
5.08980000000e+01	5.544228e+00	-6.898602e+02
5.18500000000e+01	5.671073e+00	-6.777347e+02
5.28200000000e+01	5.525126e+00	-6.652733e+02
5.38080000000e+01	4.869036e+00	-6.521278e+02
5.48150000000e+01	4.864093e+00	-6.404788e+02
5.58400000000e+01	5.367900e+00	-6.284686e+02
5.68850000000e+01	5.066025e+00	-6.173906e+02
5.79490000000e+01	4.881162e+00	-6.057883e+02
5.90330000000e+01	4.964980e+00	-5.956292e+02
6.01370000000e+01	5.013947e+00	-5.842871e+02
6.12620000000e+01	5.091285e+00	-5.734252e+02
6.24080000000e+01	4.831835e+00	-5.625389e+02
6.35750000000e+01	5.273000e+00	-5.524852e+02
6.47650000000e+01	4.068484e+00	-5.424995e+02
6.59760000000e+01	4.324954e+00	-5.326378e+02
6.72100000000e+01	4.709496e+00	-5.227261e+02
6.84680000000e+01	4.477344e+00	-5.132745e+02
6.97490000000e+01	4.299863e+00	-5.039131e+02
7.10530000000e+01	4.438753e+00	-4.950146e+02
7.23820000000e+01	4.665112e+00	-4.858399e+02
7.37360000000e+01	3.956428e+00	-4.768932e+02
7.51160000000e+01	4.102595e+00	-4.682763e+02
7.65210000000e+01	4.197152e+00	-4.593035e+02
7.79520000000e+01	4.005561e+00	-4.511747e+02
7.94110000000e+01	4.241159e+00	-4.429858e+02
8.08960000000e+01	4.297528e+00	-4.346374e+02
8.24100000000e+01	3.915402e+00	-4.267281e+02
8.39510000000e+01	4.030197e+00	-4.189847e+02
8.55220000000e+01	3.980984e+00	-4.115273e+02
8.71210000000e+01	3.913667e+00	-4.041653e+02
8.87510000000e+01	3.684652e+00	-3.963877e+02
9.04110000000e+01	3.838849e+00	-3.892523e+02
9.21030000000e+01	3.866392e+00	-3.824229e+02
9.38260000000e+01	3.769960e+00	-3.751021e+02
9.55810000000e+01	3.593494e+00	-3.683197e+02
9.73690000000e+01	3.192790e+00	-3.614062e+02
9.91900000000e+01	3.094451e+00	-3.550236e+02
1.01046000000e+02	3.697030e+00	-3.485360e+02
1.02936000000e+02	3.303535e+00	-3.418063e+02
1.04862000000e+02	3.579142e+00	-3.356549e+02
1.06823000000e+02	3.185883e+00	-3.296830e+02
1.08822000000e+02	3.367293e+00	-3.234383e+02
1.10857000000e+02	3.177438e+00	-3.175956e+02
1.12931000000e+02	3.210489e+00	-3.121151e+02
1.15044000000e+02	3.360867e+00	-3.060972e+02
1.17196000000e+02	3.223561e+00	-3.004232e+02
1.19388000000e+02	3.064507e+00	-2.950961e+02
1.21621000000e+02	3.205196e+00	-2.896792e+02
1.23897000000e+02	3.291496e+00	-2.843740e+02
1.26214000000e+02	3.081998e+00	-2.792717e+02
1.28575000000e+02	2.936613e+00	-2.741274e+02
1.30980000000e+02	2.894596e+00	-2.692822e+02
1.33431000000e+02	3.035067e+00	-2.641691e+02
1.35927000000e+02	2.814219e+00	-2.593208e+02
1.38469000000e+02	3.059674e+00	-2.546143e+02
1.41060000000e+02	2.682583e+00	-2.500094e+02
1.43699000000e+02	3.080847e+00	-2.453892e+02
1.46387000000e+02	2.840004e+00	-2.409203e+02
1.49125000000e+02	2.966546e+00	-2.363500e+02
1.51915000000e+02	2.878847e+00	-2.321272e+02
1.54757000000e+02	2.884699e+00	-2.277848e+02
1.57652000000e+02	2.764241e+00	-2.238838e+02
1.60601000000e+02	2.824516e+00	-2.194030e+02
1.63605000000e+02	2.626331e+00	-2.156119e+02
1.66666000000e+02	2.690918e+00	-2.114938e+02
1.69783000000e+02	2.881395e+00	-2.079828e+02
1.72959000000e+02	2.874842e+00	-2.039434e+02
1.76195000000e+02	2.560628e+00	-2.001828e+02
1.79491000000e+02	2.605297e+00	-1.967671e+02
1.82849000000e+02	2.750980e+00	-1.930019e+02
1.86269000000e+02	2.743601e+00	-1.895214e+02
1.89754000000e+02	2.668658e+00	-1.859395e+02
1.93303000000e+02	2.589772e+00	-1.826472e+02
1.96919000000e+02	2.564157e+00	-1.792193e+02
2.00603000000e+02	2.478680e+00	-1.760443e+02
2.04356000000e+02	2.452955e+00	-1.726896e+02
2.08178000000e+02	2.531610e+00	-1.697266e+02
2.12073000000e+02	2.466282e+00	-1.666264e+02
2.16040000000e+02	2.434483e+00	-1.634349e+02
2.20081000000e+02	2.374732e+00	-1.603466e+02
2.24198000000e+02	2.322965e+00	-1.574764e+02
2.28392000000e+02	2.402604e+00	-1.546596e+02
2.32665000000e+02	2.373847e+00	-1.518479e+02
2.37017000000e+02	2.195200e+00	-1.490807e+02
2.41451000000e+02	2.301869e+00	-1.462770e+02
2.45968000000e+02	2.214375e+00	-1.437396e+02
2.50569000000e+02	2.139196e+00	-1.412025e+02
2.55256000000e+02	2.369499e+00	-1.384170e+02
2.60031000000e+02	2.191710e+00	-1.360181e+02
2.64896000000e+02	2.302978e+00	-1.334376e+02
2.69851000000e+02	2.285407e+00	-1.310190e+02
2.74899000000e+02	2.259335e+00	-1.286275e+02
2.80042000000e+02	2.137593e+00	-1.263440e+02
2.85280000000e+02	2.172115e+00	-1.239822e+02
2.90617000000e+02	2.129104e+00	-1.216678e+02
2.96053000000e+02	2.175195e+00	-1.194943e+02
3.01591000000e+02	2.115246e+00	-1.171992e+02
3.07233000000e+02	2.229872e+00	-1.151075e+02
3.12981000000e+02	2.219106e+00	-1.131562e+02
3.18835000000e+02	2.101500e+00	-1.109401e+02
3.24800000000e+02	2.003744e+00	-1.089777e+02
3.30876000000e+02	1.970858e+00	-1.070348e+02
3.37065000000e+02	2.130167e+00	-1.051195e+02
3.43371000000e+02	2.113006e+00	-1.029446e+02
3.49794000000e+02	2.069906e+00	-1.011673e+02
3.56338000000e+02	1.947262e+00	-9.928662e+01
3.63003000000e+02	1.928952e+00	-9.748688e+01
3.69794000000e+02	2.016733e+00	-9.570221e+01
3.76712000000e+02	1.994175e+00	-9.401483e+01
3.83759000000e+02	2.147672e+00	-9.224094e+01
3.90938000000e+02	1.970554e+00	-9.058049e+01
3.98251000000e+02	2.061002e+00	-8.891924e+01
4.05701000000e+02	1.969853e+00	-8.727084e+01
4.13290000000e+02	1.927718e+00	-8.566626e+01
4.21021000000e+02	1.820664e+00	-8.406714e+01
4.28897000000e+02	2.094572e+00	-8.255049e+01
4.36920000000e+02	1.914327e+00	-8.108063e+01
4.45094000000e+02	1.986762e+00	-7.961836e+01
4.53420000000e+02	2.049514e+00	-7.811234e+01
4.61902000000e+02	2.006079e+00	-7.677660e+01
4.70543000000e+02	1.912157e+00	-7.547638e+01
4.79345000000e+02	1.904509e+00	-7.390961e+01
4.88312000000e+02	1.876876e+00	-7.263330e+01
4.97447000000e+02	1.958901e+00	-7.129289e+01
5.06752000000e+02	1.856702e+00	-6.992667e+01
5.16232000000e+02	1.821980e+00	-6.869351e+01
5.25889000000e+02	1.849170e+00	-6.745038e+01
5.35727000000e+02	1.815530e+00	-6.620303e+01
5.45748000000e+02	1.851856e+00	-6.504031e+01
5.55957000000e+02	1.812500e+00	-6.376639e+01
5.66358000000e+02	1.799680e+00	-6.260573e+01
5.76952000000e+02	1.828907e+00	-6.149145e+01
5.87745000000e+02	1.866081e+00	-6.032420e+01
5.98740000000e+02	1.822911e+00	-5.927216e+01
6.09940000000e+02	1.811602e+00	-5.816753e+01
6.21350000000e+02	1.848445e+00	-5.709415e+01
6.32974000000e+02	1.790656e+00	-5.616073e+01
6.44815000000e+02	1.658220e+00	-5.505067e+01
6.56877000000e+02	1.783529e+00	-5.402145e+01
6.69165000000e+02	1.728133e+00	-5.305465e+01
6.81683000000e+02	1.725027e+00	-5.208801e+01
6.94435000000e+02	1.759391e+00	-5.116081e+01
7.07425000000e+02	1.725399e+00	-5.012998e+01
7.20659000000e+02	1.721048e+00	-4.924645e+01
7.34140000000e+02	1.760209e+00	-4.842564e+01
7.47874000000e+02	1.699657e+00	-4.741431e+01
7.61864000000e+02	1.737945e+00	-4.656077e+01
7.76116000000e+02	1.763832e+00	-4.577375e+01
7.90634000000e+02	1.696599e+00	-4.489468e+01
8.05425000000e+02	1.660342e+00	-4.406462e+01
8.20491000000e+02	1.593233e+00	-4.329343e+01
8.35840000000e+02	1.693330e+00	-4.251765e+01
8.51476000000e+02	1.680357e+00	-4.174874e+01
8.67404000000e+02	1.691984e+00	-4.098393e+01
8.83630000000e+02	1.700654e+00	-4.018916e+01
9.00160000000e+02	1.608959e+00	-3.945846e+01
9.16999000000e+02	1.649713e+00	-3.874619e+01
9.34153000000e+02	1.621371e+00	-3.802582e+01
9.51628000000e+02	1.578595e+00	-3.735104e+01
9.69430000000e+02	1.593359e+00	-3.666104e+01
9.87565000000e+02	1.679877e+00	-3.599341e+01
1.00603900000e+03	1.594087e+00	-3.538923e+01
1.02485900000e+03	1.638862e+00	-3.473276e+01
1.04403000000e+03	1.636750e+00	-3.410936e+01
1.06356100000e+03	1.608095e+00	-3.341435e+01
1.08345700000e+03	1.549480e+00	-3.279303e+01
1.10372400000e+03	1.621660e+00	-3.217632e+01
1.12437200000e+03	1.601315e+00	-3.171098e+01
1.14540500000e+03	1.559086e+00	-3.107651e+01
1.16683200000e+03	1.604183e+00	-3.048490e+01
1.18865900000e+03	1.558542e+00	-2.996198e+01
1.21089500000e+03	1.589430e+00	-2.943828e+01
1.23354700000e+03	1.569232e+00	-2.885398e+01
1.25662300000e+03	1.631357e+00	-2.833696e+01
1.28013000000e+03	1.589750e+00	-2.784126e+01
1.30407700000e+03	1.611668e+00	-2.730735e+01
1.32847200000e+03	1.642674e+00	-2.683361e+01
1.35332300000e+03	1.581459e+00	-2.626702e+01
1.37863900000e+03	1.543834e+00	-2.583443e+01
1.40442900000e+03	1.605218e+00	-2.540119e+01
1.43070100000e+03	1.565012e+00	-2.490131e+01
1.45746500000e+03	1.537899e+00	-2.443372e+01
1.48472900000e+03	1.507369e+00	-2.400662e+01
1.51250400000e+03	1.597351e+00	-2.357824e+01
1.54079800000e+03	1.570258e+00	-2.311514e+01
1.56962100000e+03	1.509176e+00	-2.267462e+01
1.59898400000e+03	1.508247e+00	-2.222210e+01
1.62889500000e+03	1.555405e+00	-2.191780e+01
1.65936700000e+03	1.583264e+00	-2.142779e+01
1.69040800000e+03	1.523077e+00	-2.102659e+01
1.72203000000e+03	1.527799e+00	-2.070325e+01
1.75424300000e+03	1.520690e+00	-2.029256e+01
1.78705900000e+03	1.532248e+00	-1.998781e+01
1.82048900000e+03	1.540566e+00	-1.956121e+01
1.85454500000e+03	1.581496e+00	-1.923537e+01
1.88923700000e+03	1.475727e+00	-1.887136e+01
1.92457900000e+03	1.544231e+00	-1.856565e+01
1.96058100000e+03	1.536352e+00	-1.816898e+01
1.99725700000e+03	1.530943e+00	-1.782092e+01
2.03461900000e+03	1.523314e+00	-1.750778e+01
2.07268000000e+03	1.560642e+00	-1.720346e+01
2.11145300000e+03	1.508340e+00	-1.690758e+01
2.15095200000e+03	1.521760e+00	-1.657571e+01
2.19118900000e+03	1.527262e+00	-1.629742e+01
2.23217900000e+03	1.541628e+00	-1.601516e+01
2.27393600000e+03	1.550224e+00	-1.570176e+01
2.31647300000e+03	1.512918e+00	-1.542603e+01
2.35980700000e+03	1.534499e+00	-1.517555e+01
2.40395100000e+03	1.534623e+00	-1.486397e+01
2.44892100000e+03	1.512144e+00	-1.461179e+01
2.49473200000e+03	1.464065e+00	-1.432079e+01
2.54140100000e+03	1.512149e+00	-1.404759e+01
2.58894200000e+03	1.489931e+00	-1.376653e+01
2.63737300000e+03	1.515001e+00	-1.357360e+01
2.68670900000e+03	1.488553e+00	-1.332871e+01
2.73696900000e+03	1.514263e+00	-1.300799e+01
2.78816800000e+03	1.489376e+00	-1.279364e+01
2.84032600000e+03	1.462884e+00	-1.262484e+01
2.89345900000e+03	1.450812e+00	-1.235865e+01
2.94758600000e+03	1.490089e+00	-1.212064e+01
3.00272600000e+03	1.497006e+00	-1.190450e+01
3.05889700000e+03	1.519042e+00	-1.169337e+01
3.11611900000e+03	1.475993e+00	-1.147504e+01
3.17441100000e+03	1.445946e+00	-1.123276e+01
3.23379400000e+03	1.452571e+00	-1.104566e+01
3.29428700000e+03	1.511147e+00	-1.083945e+01
3.35591300000e+03	1.473255e+00	-1.068911e+01
3.41869100000e+03	1.495374e+00	-1.048337e+01
3.48264300000e+03	1.502317e+00	-1.025556e+01
3.54779200000e+03	1.451232e+00	-1.008046e+01
3.61415900000e+03	1.466835e+00	-9.869017e+00
3.68176800000e+03	1.472706e+00	-9.686054e+00
3.75064200000e+03	1.468894e+00	-9.526251e+00
3.82080400000e+03	1.461716e+00	-9.383451e+00
3.89227900000e+03	1.512869e+00	-9.172827e+00
3.96509100000e+03	1.447517e+00	-9.026503e+00
4.03926400000e+03	1.484413e+00	-8.872044e+00
4.11482600000e+03	1.468578e+00	-8.679743e+00
4.19180100000e+03	1.487815e+00	-8.523655e+00
4.27021500000e+03	1.501656e+00	-8.367485e+00
4.35009700000e+03	1.477150e+00	-8.238092e+00
4.43147300000e+03	1.437974e+00	-8.064732e+00
4.51437100000e+03	1.467804e+00	-7.930115e+00
4.59882000000e+03	1.442429e+00	-7.760776e+00
4.68484900000e+03	1.471220e+00	-7.637803e+00
4.77248700000e+03	1.426688e+00	-7.501420e+00
4.86176500000e+03	1.435957e+00	-7.382774e+00
4.95271200000e+03	1.459677e+00	-7.223927e+00
5.04536100000e+03	1.475156e+00	-7.085966e+00
5.13974400000e+03	1.449011e+00	-6.965290e+00
5.23589100000e+03	1.470083e+00	-6.811377e+00
5.33383700000e+03	1.463209e+00	-6.733722e+00
5.43361600000e+03	1.444263e+00	-6.583337e+00
5.53526100000e+03	1.443528e+00	-6.489229e+00
5.63880800000e+03	1.479460e+00	-6.387669e+00
5.74429100000e+03	1.453333e+00	-6.249423e+00
5.85174800000e+03	1.447230e+00	-6.136228e+00
5.96121500000e+03	1.424538e+00	-6.011022e+00
6.07273000000e+03	1.428272e+00	-5.927657e+00
6.18633000000e+03	1.423988e+00	-5.813046e+00
6.30205600000e+03	1.468033e+00	-5.689040e+00
6.41994700000e+03	1.441672e+00	-5.591688e+00
6.54004300000e+03	1.458864e+00	-5.528088e+00
6.66238600000e+03	1.449737e+00	-5.410867e+00
6.78701700000e+03	1.442815e+00	-5.304030e+00
6.91398000000e+03	1.448918e+00	-5.203813e+00
7.04331800000e+03	1.468711e+00	-5.084594e+00
7.17507500000e+03	1.407781e+00	-4.997543e+00
7.30929700000e+03	1.429371e+00	-4.910169e+00
7.44603000000e+03	1.428473e+00	-4.832220e+00
7.58532000000e+03	1.452641e+00	-4.762649e+00
7.72721700000e+03	1.421054e+00	-4.648878e+00
7.87176800000e+03	1.429692e+00	-4.566704e+00
8.01902200000e+03	1.448879e+00	-4.490294e+00
8.16903200000e+03	1.455688e+00	-4.428599e+00
8.32184800000e+03	1.457019e+00	-4.322059e+00
8.47752200000e+03	1.436847e+00	-4.250806e+00
8.63610900000e+03	1.424417e+00	-4.155297e+00
8.79766200000e+03	1.447047e+00	-4.096189e+00
8.96223700000e+03	1.444718e+00	-4.026368e+00
9.12989100000e+03	1.431304e+00	-3.964013e+00
9.30068100000e+03	1.433180e+00	-3.899621e+00
9.47466600000e+03	1.443404e+00	-3.796239e+00
9.65190600000e+03	1.443297e+00	-3.755038e+00
9.83246100000e+03	1.434729e+00	-3.680701e+00
1.00163940000e+04	1.438297e+00	-3.594540e+00
1.02037680000e+04	1.420711e+00	-3.530119e+00
1.03946470000e+04	1.424286e+00	-3.462785e+00
1.05890970000e+04	1.449607e+00	-3.392359e+00
1.07871840000e+04	1.413401e+00	-3.330249e+00
1.09889770000e+04	1.432537e+00	-3.282508e+00
1.11945440000e+04	1.439271e+00	-3.238186e+00
1.14039570000e+04	1.408787e+00	-3.183650e+00
1.16172880000e+04	1.441664e+00	-3.110167e+00
1.18346090000e+04	1.426266e+00	-3.062569e+00
1.20559960000e+04	1.422485e+00	-2.976964e+00
1.22815240000e+04	1.406814e+00	-2.966287e+00
1.25112700000e+04	1.413081e+00	-2.889465e+00
1.27453150000e+04	1.426727e+00	-2.834465e+00
1.29837380000e+04	1.414233e+00	-2.800896e+00
1.32266210000e+04	1.427057e+00	-2.764135e+00
1.34740470000e+04	1.417143e+00	-2.700494e+00
1.37261030000e+04	1.413555e+00	-2.635375e+00
1.39828730000e+04	1.412534e+00	-2.603592e+00
1.42444460000e+04	1.409121e+00	-2.582538e+00
1.45109130000e+04	1.410265e+00	-2.500774e+00
1.47823640000e+04	1.411357e+00	-2.481071e+00
1.50588940000e+04	1.409043e+00	-2.416888e+00
1.53405960000e+04	1.419140e+00	-2.386991e+00
1.56275680000e+04	1.415708e+00	-2.322443e+00
1.59199080000e+04	1.435845e+00	-2.278831e+00
1.62177180000e+04	1.415296e+00	-2.259564e+00
1.65210980000e+04	1.392095e+00	-2.217805e+00
1.68301530000e+04	1.432930e+00	-2.181674e+00
1.71449900000e+04	1.414004e+00	-2.134143e+00
1.74657160000e+04	1.400458e+00	-2.105609e+00
1.77924420000e+04	1.417083e+00	-2.056314e+00
1.81252800000e+04	1.402158e+00	-2.034931e+00
1.84643440000e+04	1.412883e+00	-1.994335e+00
1.88097520000e+04	1.418700e+00	-1.958158e+00
1.91616200000e+04	1.422886e+00	-1.914197e+00
1.95200710000e+04	1.417346e+00	-1.889940e+00
1.98852270000e+04	1.405865e+00	-1.858716e+00
2.02572140000e+04	1.406416e+00	-1.824293e+00
2.06361600000e+04	1.404462e+00	-1.795304e+00
2.10221950000e+04	1.413065e+00	-1.749937e+00
2.14154510000e+04	1.413257e+00	-1.713160e+00
2.18160630000e+04	1.411659e+00	-1.694875e+00
2.22241700000e+04	1.410666e+00	-1.674703e+00
2.26399110000e+04	1.416912e+00	-1.636649e+00
2.30634290000e+04	1.404633e+00	-1.620003e+00
2.34948700000e+04	1.403025e+00	-1.580664e+00
2.39343820000e+04	1.395506e+00	-1.559443e+00
2.43821150000e+04	1.407454e+00	-1.535494e+00
2.48382240000e+04	1.396275e+00	-1.502576e+00
2.53028660000e+04	1.400192e+00	-1.485253e+00
2.57761990000e+04	1.398401e+00	-1.467048e+00
2.62583870000e+04	1.395434e+00	-1.417970e+00
2.67495950000e+04	1.396263e+00	-1.412667e+00
2.72499920000e+04	1.401089e+00	-1.383734e+00
2.77597490000e+04	1.406743e+00	-1.357483e+00
2.82790430000e+04	1.412038e+00	-1.339972e+00
2.88080510000e+04	1.399224e+00	-1.322586e+00
2.93469550000e+04	1.394201e+00	-1.288543e+00
2.98959390000e+04	1.402019e+00	-1.267146e+00
3.04551940000e+04	1.392751e+00	-1.251368e+00
3.10249110000e+04	1.396111e+00	-1.226686e+00
3.16052840000e+04	1.405802e+00	-1.205423e+00
3.21965150000e+04	1.397557e+00	-1.198351e+00
3.27988060000e+04	1.398697e+00	-1.165944e+00
3.34123640000e+04	1.397067e+00	-1.149633e+00
3.40373990000e+04	1.395768e+00	-1.140020e+00
3.46741270000e+04	1.396357e+00	-1.115560e+00
3.53227660000e+04	1.395294e+00	-1.092074e+00
3.59835380000e+04	1.387995e+00	-1.068334e+00
3.66566720000e+04	1.391933e+00	-1.060663e+00
3.73423970000e+04	1.402191e+00	-1.043512e+00
3.80409510000e+04	1.390692e+00	-1.019637e+00
3.87525720000e+04	1.391765e+00	-1.011682e+00
3.94775050000e+04	1.387041e+00	-9.917262e-01
4.02159990000e+04	1.393532e+00	-9.752318e-01
4.09683080000e+04	1.386544e+00	-9.595644e-01
4.17346900000e+04	1.385858e+00	-9.447746e-01
4.25154090000e+04	1.383756e+00	-9.293139e-01
4.33107320000e+04	1.379289e+00	-9.075615e-01
4.41209330000e+04	1.384654e+00	-9.046777e-01
4.49462910000e+04	1.377750e+00	-8.860828e-01
4.57870880000e+04	1.387271e+00	-8.696463e-01
4.66436130000e+04	1.370874e+00	-8.616527e-01
4.75161620000e+04	1.375789e+00	-8.476902e-01
4.84050330000e+04	1.372713e+00	-8.359786e-01
4.93105320000e+04	1.379435e+00	-8.207932e-01
5.02329690000e+04	1.377986e+00	-8.163487e-01
5.11726630000e+04	1.371523e+00	-8.024520e-01
5.21299350000e+04	1.374340e+00	-7.884668e-01
5.31051140000e+04	1.364784e+00	-7.789525e-01
5.40985360000e+04	1.367782e+00	-7.614000e-01
5.51105420000e+04	1.373442e+00	-7.542853e-01
5.61414780000e+04	1.368511e+00	-7.407185e-01
5.71917010000e+04	1.371214e+00	-7.329148e-01
5.82615690000e+04	1.367217e+00	-7.208856e-01
5.93514510000e+04	1.362083e+00	-7.181278e-01
6.04617220000e+04	1.362376e+00	-6.980845e-01
6.15927610000e+04	1.360237e+00	-6.902906e-01
6.27449590000e+04	1.360068e+00	-6.909184e-01
6.39187110000e+04	1.360202e+00	-6.688873e-01
6.51144190000e+04	1.359922e+00	-6.700115e-01
6.63324960000e+04	1.349427e+00	-6.483474e-01
6.75733580000e+04	1.352333e+00	-6.429751e-01
6.88374340000e+04	1.352063e+00	-6.400628e-01
7.01251550000e+04	1.356979e+00	-6.291155e-01
7.14369660000e+04	1.348809e+00	-6.202691e-01
7.27733170000e+04	1.344851e+00	-6.141437e-01
7.41346660000e+04	1.347137e+00	-6.002778e-01
7.55214810000e+04	1.345242e+00	-6.018208e-01
7.69342400000e+04	1.343510e+00	-5.883667e-01
7.83734260000e+04	1.335472e+00	-5.771910e-01
7.98395350000e+04	1.340524e+00	-5.786129e-01
8.13330690000e+04	1.338969e+00	-5.597769e-01
8.28545430000e+04	1.339789e+00	-5.549583e-01
8.44044790000e+04	1.335488e+00	-5.539246e-01
8.59834090000e+04	1.332861e+00	-5.448959e-01
8.75918760000e+04	1.331503e+00	-5.406536e-01
8.92304310000e+04	1.324407e+00	-5.316746e-01
9.08996390000e+04	1.326499e+00	-5.312681e-01
9.26000720000e+04	1.330770e+00	-5.291219e-01
9.43323140000e+04	1.324738e+00	-5.181812e-01
9.60969610000e+04	1.319055e+00	-5.064236e-01
9.78946190000e+04	1.320340e+00	-5.007410e-01
9.97259050000e+04	1.315128e+00	-4.962646e-01
1.01591449000e+05	1.316851e+00	-4.902222e-01
1.03491890000e+05	1.317247e+00	-4.895048e-01
1.05427883000e+05	1.307775e+00	-4.850492e-01
1.07400091000e+05	1.301520e+00	-4.756896e-01
1.09409193000e+05	1.305833e+00	-4.766692e-01
1.11455879000e+05	1.307475e+00	-4.678371e-01
1.13540852000e+05	1.303590e+00	-4.634211e-01
1.15664827000e+05	1.301010e+00	-4.585019e-01
1.17828536000e+05	1.294085e+00	-4.549153e-01
1.20032720000e+05	1.292146e+00	-4.413767e-01
1.22278137000e+05	1.294782e+00	-4.444621e-01
1.24565558000e+05	1.293627e+00	-4.395053e-01
1.26895769000e+05	1.291684e+00	-4.339435e-01
1.29269572000e+05	1.283954e+00	-4.326235e-01
1.31687780000e+05	1.278822e+00	-4.191474e-01
1.34151225000e+05	1.275545e+00	-4.194575e-01
1.36660752000e+05	1.280448e+00	-4.115275e-01
1.39217225000e+05	1.278211e+00	-4.127694e-01
1.41821521000e+05	1.276387e+00	-4.046522e-01
1.44474535000e+05	1.272107e+00	-3.984682e-01
1.47177178000e+05	1.273948e+00	-4.012265e-01
1.49930378000e+05	1.266941e+00	-3.932351e-01
1.52735082000e+05	1.263000e+00	-3.938101e-01
1.55592253000e+05	1.256866e+00	-3.895421e-01
1.58502871000e+05	1.256293e+00	-3.844345e-01
1.61467938000e+05	1.254127e+00	-3.805428e-01
1.64488472000e+05	1.253281e+00	-3.781575e-01
1.67565510000e+05	1.247955e+00	-3.755564e-01
1.70700109000e+05	1.250952e+00	-3.669850e-01
1.73893346000e+05	1.244190e+00	-3.598675e-01
1.77146318000e+05	1.243876e+00	-3.628282e-01
1.80460142000e+05	1.241369e+00	-3.541406e-01
1.83835957000e+05	1.237108e+00	-3.519854e-01
1.87274923000e+05	1.233585e+00	-3.554626e-01
1.90778220000e+05	1.234017e+00	-3.425805e-01
1.94347053000e+05	1.228034e+00	-3.394107e-01
1.97982646000e+05	1.225858e+00	-3.347061e-01
2.01686250000e+05	1.229283e+00	-3.345870e-01
2.05459135000e+05	1.229666e+00	-3.310463e-01
2.09302599000e+05	1.216291e+00	-3.231632e-01
2.13217962000e+05	1.216956e+00	-3.292640e-01
2.17206568000e+05	1.217498e+00	-3.213331e-01
2.21269788000e+05	1.215195e+00	-3.260424e-01
2.25409017000e+05	1.207759e+00	-3.156394e-01
2.29625678000e+05	1.217384e+00	-3.099602e-01
2.33921218000e+05	1.207726e+00	-3.109837e-01
2.38297114000e+05	1.206542e+00	-3.082376e-01
2.42754869000e+05	1.206690e+00	-3.080002e-01
2.47296013000e+05	1.200602e+00	-2.984268e-01
2.51922107000e+05	1.200909e+00	-2.948326e-01
2.56634741000e+05	1.194777e+00	-2.978217e-01
2.61435532000e+05	1.194625e+00	-2.968026e-01
2.66326130000e+05	1.193876e+00	-2.926418e-01
2.71308215000e+05	1.196009e+00	-2.883326e-01
2.76383499000e+05	1.186334e+00	-2.894491e-01
2.81553724000e+05	1.190299e+00	-2.874787e-01
2.86820667000e+05	1.176975e+00	-2.906648e-01
2.92186138000e+05	1.183557e+00	-2.756220e-01
2.97651978000e+05	1.178997e+00	-2.714416e-01
3.03220067000e+05	1.179277e+00	-2.682297e-01
3.08892316000e+05	1.173041e+00	-2.673956e-01
3.14670675000e+05	1.175766e+00	-2.583978e-01
3.20557127000e+05	1.166020e+00	-2.718038e-01
3.26553695000e+05	1.167541e+00	-2.571028e-01
3.32662440000e+05	1.171783e+00	-2.567356e-01
3.38885459000e+05	1.159469e+00	-2.540086e-01
3.45224890000e+05	1.162599e+00	-2.601071e-01
3.51682912000e+05	1.164699e+00	-2.565150e-01
3.58261741000e+05	1.157457e+00	-2.503448e-01
3.64963639000e+05	1.162742e+00	-2.416391e-01
3.71790907000e+05	1.158432e+00	-2.438534e-01
3.78745891000e+05	1.156332e+00	-2.495661e-01
3.85830980000e+05	1.144711e+00	-2.470115e-01
3.93048607000e+05	1.152886e+00	-2.477728e-01
4.00401253000e+05	1.146332e+00	-2.424375e-01
4.07891442000e+05	1.143132e+00	-2.428509e-01
4.15521748000e+05	1.133739e+00	-2.304700e-01
4.23294792000e+05	1.138687e+00	-2.294776e-01
4.31213244000e+05	1.136030e+00	-2.240185e-01
4.39279824000e+05	1.126018e+00	-2.273125e-01
4.47497303000e+05	1.142238e+00	-2.307418e-01
4.55868505000e+05	1.136037e+00	-2.229298e-01
4.64396304000e+05	1.126449e+00	-2.249136e-01
4.73083630000e+05	1.128176e+00	-2.212161e-01
4.81933467000e+05	1.131753e+00	-2.191711e-01
4.90948855000e+05	1.126386e+00	-2.240603e-01
5.00132892000e+05	1.117962e+00	-2.187426e-01
5.09488732000e+05	1.119975e+00	-2.136098e-01
5.19019589000e+05	1.120917e+00	-2.126125e-01
5.28728737000e+05	1.124919e+00	-2.098405e-01
5.38619511000e+05	1.114225e+00	-2.069343e-01
5.48695309000e+05	1.116970e+00	-2.084379e-01
5.58959592000e+05	1.111415e+00	-2.163812e-01
5.69415885000e+05	1.115845e+00	-2.080794e-01
5.80067782000e+05	1.115335e+00	-2.070907e-01
5.90918941000e+05	1.111669e+00	-1.988336e-01
6.01973089000e+05	1.109544e+00	-2.042707e-01
6.13234023000e+05	1.119038e+00	-2.024583e-01
6.24705613000e+05	1.106696e+00	-1.973726e-01
6.36391799000e+05	1.100614e+00	-2.030409e-01
6.48296594000e+05	1.106005e+00	-1.915517e-01
6.60424089000e+05	1.101583e+00	-1.933032e-01
6.72778450000e+05	1.099574e+00	-1.817834e-01
6.85363919000e+05	1.092969e+00	-1.879928e-01
6.98184822000e+05	1.092220e+00	-1.924729e-01
7.11245562000e+05	1.097942e+00	-1.822841e-01
7.24550625000e+05	1.088521e+00	-1.823308e-01
7.38104581000e+05	1.094299e+00	-1.837385e-01
7.51912088000e+05	1.085285e+00	-1.742704e-01
7.65977888000e+05	1.087110e+00	-1.782814e-01
7.80306813000e+05	1.082584e+00	-1.779097e-01
7.94903784000e+05	1.077105e+00	-1.739144e-01
8.09773817000e+05	1.077997e+00	-1.723763e-01
8.24922019000e+05	1.069524e+00	-1.722299e-01
8.40353595000e+05	1.069384e+00	-1.733316e-01
8.56073844000e+05	1.070681e+00	-1.792147e-01
8.72088167000e+05	1.085334e+00	-1.689925e-01
8.88402066000e+05	1.064815e+00	-1.660026e-01
9.05021144000e+05	1.061408e+00	-1.692761e-01
9.21951110000e+05	1.070487e+00	-1.714194e-01
9.39197780000e+05	1.066418e+00	-1.662938e-01
9.56767078000e+05	1.069751e+00	-1.632299e-01
9.74665041000e+05	1.072266e+00	-1.611077e-01
9.92897815000e+05	1.066535e+00	-1.636579e-01
1.01147166400e+06	1.065212e+00	-1.640226e-01
1.03039296900e+06	1.060511e+00	-1.507591e-01
1.04966822900e+06	1.064484e+00	-1.613062e-01
1.06930406600e+06	1.057021e+00	-1.483873e-01
1.08930722500e+06	1.054244e+00	-1.485993e-01
1.10968457700e+06	1.049269e+00	-1.421587e-01
1.13044312200e+06	1.047931e+00	-1.481067e-01
1.15158999200e+06	1.056281e+00	-1.463892e-01
1.17313244900e+06	1.055419e+00	-1.461793e-01
1.19507789500e+06	1.047765e+00	-1.437268e-01
1.21743386800e+06	1.037065e+00	-1.459763e-01
1.24020804800e+06	1.050249e+00	-1.391346e-01
1.26340825800e+06	1.043041e+00	-1.414683e-01
1.28704246700e+06	1.044858e+00	-1.410207e-01
1.31111879400e+06	1.036879e+00	-1.466062e-01
1.33564551100e+06	1.032240e+00	-1.458780e-01
1.36063104100e+06	1.039427e+00	-1.422621e-01
1.38608396800e+06	1.038618e+00	-1.411471e-01
1.41201303600e+06	1.021905e+00	-1.390626e-01
1.43842715200e+06	1.037868e+00	-1.380429e-01
1.46533538800e+06	1.029167e+00	-1.354533e-01
1.49274698900e+06	1.026109e+00	-1.386125e-01
1.52067137100e+06	1.014690e+00	-1.346866e-01
1.54911812600e+06	1.011815e+00	-1.268346e-01
1.57809702700e+06	1.017922e+00	-1.288873e-01
1.60761802700e+06	1.015748e+00	-1.302257e-01
1.63769126700e+06	1.015638e+00	-1.299341e-01
1.66832708000e+06	1.008298e+00	-1.204786e-01
1.69953598700e+06	9.986327e-01	-1.298164e-01
1.73132871000e+06	1.015688e+00	-1.198684e-01
1.76371617100e+06	1.010892e+00	-1.289405e-01
1.79670949400e+06	1.009411e+00	-1.243368e-01
1.83032001300e+06	1.009581e+00	-1.192528e-01
1.86455927500e+06	1.011842e+00	-1.206400e-01
1.89943904100e+06	9.990072e-01	-1.111177e-01
1.93497129200e+06	1.000112e+00	-1.294646e-01
1.97116823500e+06	9.967489e-01	-1.227537e-01
2.00804230300e+06	1.005930e+00	-1.135342e-01
2.04560616400e+06	9.962575e-01	-1.125607e-01
2.08387272100e+06	9.910958e-01	-1.136911e-01
2.12285511900e+06	9.923227e-01	-1.134049e-01
2.16256675000e+06	9.996271e-01	-1.047613e-01
2.20302125400e+06	9.887903e-01	-1.023908e-01
2.24423252900e+06	1.001412e+00	-1.042836e-01
2.28621473200e+06	9.901507e-01	-1.062911e-01
2.32898228300e+06	9.942813e-01	-1.099116e-01
2.37254987400e+06	9.938390e-01	-9.521265e-02
2.41693247200e+06	9.800136e-01	-1.059551e-01
2.46214532100e+06	9.848186e-01	-1.123394e-01
2.50820395400e+06	9.790657e-01	-1.033866e-01
2.55512419300e+06	9.904922e-01	-9.167083e-02
2.60292215500e+06	9.904057e-01	-9.382342e-02
2.65161425900e+06	9.807693e-01	-8.912501e-02
2.70121723300e+06	9.729619e-01	-1.112792e-01
2.75174811400e+06	9.792562e-01	-9.437175e-02
2.80322426300e+06	9.789923e-01	-9.853821e-02
2.85566336000e+06	9.715970e-01	-9.188122e-02
2.90908342000e+06	9.670697e-01	-8.706163e-02
2.96350279400e+06	9.662230e-01	-8.723590e-02
3.01894017500e+06	9.710578e-01	-8.680488e-02
3.07541460700e+06	9.708523e-01	-8.703250e-02
3.13294549000e+06	9.620445e-01	-8.347520e-02
3.19155258600e+06	9.619616e-01	-8.205140e-02
3.25125602800e+06	9.591961e-01	-9.281540e-02
3.31207632400e+06	9.605001e-01	-7.904589e-02
3.37403436900e+06	9.613947e-01	-8.296272e-02
3.43715144400e+06	9.578992e-01	-8.245307e-02
3.50144923200e+06	9.640764e-01	-7.754019e-02
3.56694982000e+06	9.597857e-01	-7.427886e-02
3.63367570800e+06	9.552093e-01	-7.641143e-02
3.70164981800e+06	9.556788e-01	-7.670744e-02
3.77089550000e+06	9.536963e-01	-7.771717e-02
3.84143654100e+06	9.494013e-01	-7.340623e-02
3.91329717200e+06	9.447045e-01	-6.793453e-02
3.98650207900e+06	9.450673e-01	-6.631951e-02
4.06107640900e+06	9.366022e-01	-6.460910e-02
4.13704577900e+06	9.391451e-01	-6.389146e-02
4.21443628600e+06	9.410111e-01	-5.912010e-02
4.29327451400e+06	9.321097e-01	-5.730858e-02
4.37358754600e+06	9.323808e-01	-5.925706e-02
4.45540297100e+06	9.367126e-01	-5.571935e-02
4.53874889300e+06	9.287591e-01	-5.756814e-02
4.62365394300e+06	9.275274e-01	-5.275672e-02
4.71014728600e+06	9.278553e-01	-5.098877e-02
4.79825863600e+06	9.267366e-01	-5.495112e-02
4.88801825800e+06	9.254096e-01	-4.514161e-02
4.97945698800e+06	9.303371e-01	-4.702677e-02
5.07260623500e+06	9.194123e-01	-4.708366e-02
5.16749799800e+06	9.252217e-01	-4.684834e-02
5.26416487400e+06	9.212191e-01	-4.151601e-02
5.36264006800e+06	9.223948e-01	-4.304928e-02
5.46295740900e+06	9.271175e-01	-3.861246e-02
5.56515135800e+06	9.211888e-01	-3.465867e-02
5.66925701900e+06	9.163536e-01	-3.476386e-02
5.77531015400e+06	9.145344e-01	-3.227499e-02
5.88334719300e+06	9.149249e-01	-3.468872e-02
5.99340525100e+06	9.085089e-01	-2.140939e-02
6.10552213200e+06	9.099097e-01	-2.424107e-02
6.21973635100e+06	9.015933e-01	-2.122609e-02
6.33608714200e+06	9.064909e-01	-1.745403e-02
6.45461447300e+06	9.093099e-01	-1.449037e-02
6.57535906100e+06	9.047605e-01	-1.435094e-02
6.69836238200e+06	9.004564e-01	-1.409087e-02
6.82366669000e+06	8.948886e-01	-8.513210e-03
6.95131503000e+06	8.917594e-01	-3.942383e-03
7.08135124900e+06	8.922917e-01	-6.799685e-03
7.21382001800e+06	8.936659e-01	4.599633e-05
7.34876684200e+06	8.921691e-01	8.663869e-04
7.48623807700e+06	8.948793e-01	-2.994647e-03
7.62628094600e+06	8.856351e-01	8.630311e-03
7.76894355600e+06	8.832889e-01	5.856425e-03
7.91427491300e+06	8.801451e-01	7.280280e-03
8.06232494200e+06	8.816154e-01	1.327052e-02
8.21314450000e+06	8.774893e-01	1.552687e-02
8.36678539400e+06	8.852786e-01	2.427153e-02
8.52330040500e+06	8.725322e-01	1.723644e-02
8.68274329600e+06	8.811550e-01	1.923332e-02
8.84516883800e+06	8.782357e-01	2.947622e-02
9.01063282800e+06	8.764917e-01	3.685607e-02
9.17919210400e+06	8.717369e-01	3.177199e-02
9.35090456900e+06	8.725380e-01	3.249605e-02
9.52582920900e+06	8.716404e-01	4.167210e-02
9.70402611300e+06	8.660702e-01	4.198027e-02
9.88555649500e+06	8.689646e-01	4.464011e-02
1.00704827130e+07	8.752068e-01	5.487542e-02
1.02588682910e+07	8.688946e-01	6.031907e-02
1.04507779430e+07	8.665380e-01	5.668619e-02
1.06462775940e+07	8.664688e-01	5.908425e-02
1.08454343980e+07	8.632414e-01	5.959164e-02
1.10483167720e+07	8.640440e-01	6.877817e-02
1.12549944060e+07	8.701062e-01	6.968793e-02
1.14655382990e+07	8.653249e-01	7.811785e-02
1.16800207740e+07	8.623152e-01	7.117167e-02
1.18985155110e+07	8.682175e-01	9.390327e-02
1.21210975650e+07	8.502716e-01	9.134303e-02
1.23478433960e+07	8.484460e-01	9.332280e-02
1.25788308950e+07	8.462461e-01	9.601495e-02
1.28141394100e+07	8.374376e-01	1.126214e-01
1.30538497730e+07	8.524139e-01	9.660971e-02
1.32980443270e+07	8.475028e-01	1.155221e-01
1.35468069580e+07	8.417641e-01	1.124036e-01
1.38002231190e+07	8.424782e-01	1.252741e-01
1.40583798610e+07	8.386135e-01	1.229448e-01
1.43213658660e+07	8.385233e-01	1.244913e-01
1.45892714740e+07	8.360313e-01	1.405854e-01
1.48621887140e+07	8.405845e-01	1.450108e-01
1.51402113360e+07	8.284392e-01	1.465046e-01
1.54234348470e+07	8.282049e-01	1.518656e-01
1.57119565370e+07	8.275474e-01	1.633714e-01
1.60058755190e+07	8.180246e-01	1.689532e-01
1.63052927560e+07	8.283472e-01	1.758128e-01
1.66103111050e+07	8.235341e-01	1.805177e-01
1.69210353420e+07	8.186076e-01	1.880731e-01
1.72375722070e+07	8.228981e-01	1.914271e-01
1.75600304350e+07	8.250405e-01	1.897865e-01
1.78885207950e+07	8.169683e-01	1.952723e-01
1.82231561280e+07	8.177899e-01	2.086342e-01
1.85640513860e+07	8.176841e-01	2.176852e-01
1.89113236730e+07	8.137386e-01	2.229904e-01
1.92650922800e+07	8.172753e-01	2.300279e-01
1.96254787340e+07	8.178598e-01	2.289453e-01
1.99926068310e+07	8.209764e-01	2.407190e-01
2.03666026870e+07	8.054633e-01	2.530587e-01
2.07475947740e+07	8.005589e-01	2.533631e-01
2.11357139690e+07	8.115973e-01	2.595271e-01
2.15310935960e+07	7.974514e-01	2.655061e-01
2.19338694740e+07	8.022611e-01	2.777895e-01
2.23441799630e+07	8.090197e-01	2.831928e-01
2.27621660100e+07	8.038685e-01	2.935292e-01
2.31879712010e+07	7.993963e-01	3.072976e-01
2.36217418040e+07	7.975255e-01	3.164951e-01
2.40636268280e+07	7.918714e-01	3.253960e-01
2.45137780650e+07	7.874862e-01	3.282498e-01
2.49723501510e+07	7.913136e-01	3.307359e-01
2.54395006100e+07	7.849199e-01	3.411660e-01
2.59153899160e+07	7.808888e-01	3.470435e-01
2.64001815450e+07	7.837844e-01	3.583688e-01
2.68940420290e+07	7.815652e-01	3.693662e-01
2.73971410170e+07	7.841272e-01	3.808578e-01
2.79096513310e+07	7.831093e-01	3.977882e-01
2.84317490250e+07	7.861141e-01	4.069250e-01
2.89636134490e+07	7.827697e-01	4.187744e-01
2.95054273050e+07	7.842715e-01	4.160776e-01
3.00573767140e+07	7.837845e-01	4.322758e-01
3.06196512800e+07	7.721835e-01	4.513593e-01
3.11924441520e+07	7.717731e-01	4.569334e-01
3.17759520930e+07	7.684671e-01	4.624699e-01
3.23703755460e+07	7.659835e-01	4.742531e-01
3.29759187060e+07	7.759445e-01	4.806175e-01
3.35927895840e+07	7.688438e-01	5.009439e-01
3.42212000850e+07	7.691448e-01	5.194160e-01
3.48613660790e+07	7.685531e-01	5.183051e-01
3.55135074700e+07	7.634131e-01	5.268478e-01
3.61778482800e+07	7.677327e-01	5.515790e-01
3.68546167200e+07	7.576561e-01	5.627511e-01
3.75440452690e+07	7.575397e-01	5.776694e-01
3.82463707560e+07	7.500267e-01	5.890710e-01
3.89618344410e+07	7.513121e-01	5.973096e-01
3.96906820970e+07	7.484268e-01	6.075875e-01
4.04331640920e+07	7.525513e-01	6.297599e-01
4.11895354820e+07	7.530053e-01	6.334351e-01
4.19600560900e+07	7.420899e-01	6.554562e-01
4.27449906010e+07	7.509087e-01	6.645046e-01
4.35446086540e+07	7.430431e-01	6.951329e-01
4.43591849280e+07	7.402064e-01	6.945932e-01
4.51889992420e+07	7.347075e-01	7.189075e-01
4.60343366500e+07	7.307884e-01	7.270987e-01
4.68954875380e+07	7.315822e-01	7.388639e-01
4.77727477250e+07	7.466822e-01	7.638793e-01
4.86664185610e+07	7.278326e-01	7.759672e-01
4.95768070360e+07	7.361948e-01	7.996936e-01
5.05042258830e+07	7.403883e-01	8.112426e-01
5.14489936840e+07	7.275847e-01	8.236614e-01
5.24114349790e+07	7.349968e-01	8.511080e-01
5.33918803830e+07	7.262601e-01	8.684530e-01
5.43906666920e+07	7.296228e-01	8.891441e-01
5.54081370050e+07	7.211735e-01	9.099151e-01
5.64446408380e+07	7.309474e-01	9.178313e-01
5.75005342460e+07	7.195894e-01	9.492165e-01
5.85761799430e+07	7.221440e-01	9.648904e-01
5.96719474300e+07	7.225503e-01	9.816196e-01
6.07882131190e+07	7.271211e-01	1.008769e+00
6.19253604650e+07	7.201163e-01	1.023663e+00
6.30837800930e+07	7.165869e-01	1.048574e+00
6.42638699390e+07	7.144237e-01	1.078376e+00
6.54660353810e+07	7.147621e-01	1.092764e+00
6.66906893810e+07	7.192180e-01	1.121792e+00
6.79382526260e+07	7.201933e-01	1.135503e+00
6.92091536720e+07	7.104303e-01	1.160742e+00
7.05038290920e+07	7.120372e-01	1.184752e+00
7.18227236270e+07	7.096850e-01	1.212095e+00
7.31662903370e+07	7.095252e-01	1.234140e+00
7.45349907570e+07	7.202802e-01	1.258345e+00
7.59292950560e+07	7.206759e-01	1.286666e+00
7.73496821980e+07	7.111646e-01	1.305014e+00
7.87966401080e+07	7.106246e-01	1.334701e+00
8.02706658360e+07	7.144949e-01	1.374202e+00
8.17722657330e+07	7.135984e-01	1.398391e+00
8.33019556210e+07	7.144666e-01	1.424697e+00
8.48602609700e+07	7.093117e-01	1.454524e+00
8.64477170830e+07	7.093852e-01	1.484409e+00
8.80648692730e+07	7.056637e-01	1.515182e+00
8.97122730570e+07	7.055181e-01	1.545856e+00
9.13904943420e+07	7.077501e-01	1.568891e+00
9.31001096230e+07	7.101210e-01	1.604759e+00
9.48417061770e+07	7.029259e-01	1.639349e+00
9.66158822700e+07	7.079531e-01	1.674227e+00
9.84232473560e+07	7.149547e-01	1.715765e+00
1.00264422293e+08	7.136796e-01	1.746721e+00
1.02140039551e+08	7.070830e-01	1.778572e+00
1.04050743434e+08	7.109631e-01	1.811798e+00
1.05997190296e+08	7.101891e-01	1.839729e+00
1.07980048771e+08	7.115207e-01	1.884070e+00
1.10000000000e+08	7.257732e-01	1.926732e+00


"TRACE: B"

"Frequency"	"Data Trace Real"	"Data Trace Imag"
4.00000000000e+01	9.602881e-06	1.139884e-03
4.07480000000e+01	9.782054e-06	1.161822e-03
4.15110000000e+01	9.562528e-06	1.183073e-03
4.22870000000e+01	9.017369e-06	1.204217e-03
4.30780000000e+01	9.198823e-06	1.227208e-03
4.38840000000e+01	9.875576e-06	1.250374e-03
4.47050000000e+01	1.066144e-05	1.273568e-03
4.55410000000e+01	9.869755e-06	1.297657e-03
4.63930000000e+01	1.021878e-05	1.322105e-03
4.72610000000e+01	1.198002e-05	1.345270e-03
4.81450000000e+01	1.209126e-05	1.371329e-03
4.90460000000e+01	1.134181e-05	1.395881e-03
4.99630000000e+01	1.147159e-05	1.422865e-03
5.08980000000e+01	1.164906e-05	1.449475e-03
5.18500000000e+01	1.234569e-05	1.475400e-03
5.28200000000e+01	1.248280e-05	1.503038e-03
5.38080000000e+01	1.144862e-05	1.533356e-03
5.48150000000e+01	1.185680e-05	1.561242e-03
5.58400000000e+01	1.358956e-05	1.591053e-03
5.68850000000e+01	1.328979e-05	1.619611e-03
5.79490000000e+01	1.330005e-05	1.650634e-03
5.90330000000e+01	1.399379e-05	1.678780e-03
6.01370000000e+01	1.468572e-05	1.711361e-03
6.12620000000e+01	1.548245e-05	1.743769e-03
6.24080000000e+01	1.526774e-05	1.777524e-03
6.35750000000e+01	1.727336e-05	1.809838e-03
6.47650000000e+01	1.382323e-05	1.843216e-03
6.59760000000e+01	1.524365e-05	1.877325e-03
6.72100000000e+01	1.723419e-05	1.912892e-03
6.84680000000e+01	1.699370e-05	1.948127e-03
6.97490000000e+01	1.693213e-05	1.984325e-03
7.10530000000e+01	1.811298e-05	2.019980e-03
7.23820000000e+01	1.976222e-05	2.058102e-03
7.37360000000e+01	1.739527e-05	2.096761e-03
7.51160000000e+01	1.870773e-05	2.135328e-03
7.65210000000e+01	1.989385e-05	2.177028e-03
7.79520000000e+01	1.967612e-05	2.216261e-03
7.94110000000e+01	2.161051e-05	2.257202e-03
8.08960000000e+01	2.274690e-05	2.300544e-03
8.24100000000e+01	2.149994e-05	2.343215e-03
8.39510000000e+01	2.295565e-05	2.386501e-03
8.55220000000e+01	2.350457e-05	2.429745e-03
8.71210000000e+01	2.395659e-05	2.474003e-03
8.87510000000e+01	2.344869e-05	2.522565e-03
9.04110000000e+01	2.533358e-05	2.568778e-03
9.21030000000e+01	2.643466e-05	2.614639e-03
9.38260000000e+01	2.679130e-05	2.665671e-03
9.55810000000e+01	2.648657e-05	2.714774e-03
9.73690000000e+01	2.444247e-05	2.766753e-03
9.91900000000e+01	2.454913e-05	2.816500e-03
1.01046000000e+02	3.043048e-05	2.868821e-03
1.02936000000e+02	2.827340e-05	2.925360e-03
1.04862000000e+02	3.176461e-05	2.978912e-03
1.06823000000e+02	2.930866e-05	3.032933e-03
1.08822000000e+02	3.218482e-05	3.091445e-03
1.10857000000e+02	3.149812e-05	3.148343e-03
1.12931000000e+02	3.295307e-05	3.203608e-03
1.15044000000e+02	3.586577e-05	3.266542e-03
1.17196000000e+02	3.571239e-05	3.328254e-03
1.19388000000e+02	3.518738e-05	3.388362e-03
1.21621000000e+02	3.819151e-05	3.451672e-03
1.23897000000e+02	4.069633e-05	3.516024e-03
1.26214000000e+02	3.951170e-05	3.580307e-03
1.28575000000e+02	3.907438e-05	3.647520e-03
1.30980000000e+02	3.991375e-05	3.713148e-03
1.33431000000e+02	4.348575e-05	3.784955e-03
1.35927000000e+02	4.184388e-05	3.855773e-03
1.38469000000e+02	4.718966e-05	3.926942e-03
1.41060000000e+02	4.291315e-05	3.999389e-03
1.43699000000e+02	5.115534e-05	4.074517e-03
1.46387000000e+02	4.892286e-05	4.150174e-03
1.49125000000e+02	5.309718e-05	4.230347e-03
1.51915000000e+02	5.341948e-05	4.307320e-03
1.54757000000e+02	5.558805e-05	4.389405e-03
1.57652000000e+02	5.513971e-05	4.465923e-03
1.60601000000e+02	5.866606e-05	4.557068e-03
1.63605000000e+02	5.648586e-05	4.637275e-03
1.66666000000e+02	6.014989e-05	4.727505e-03
1.69783000000e+02	6.659853e-05	4.807167e-03
1.72959000000e+02	6.910480e-05	4.902347e-03
1.76195000000e+02	6.388838e-05	4.994616e-03
1.79491000000e+02	6.727844e-05	5.081259e-03
1.82849000000e+02	7.383737e-05	5.180245e-03
1.86269000000e+02	7.636836e-05	5.275344e-03
1.89754000000e+02	7.717210e-05	5.376986e-03
1.93303000000e+02	7.761548e-05	5.473936e-03
1.96919000000e+02	7.981533e-05	5.578615e-03
2.00603000000e+02	7.996330e-05	5.679264e-03
2.04356000000e+02	8.223740e-05	5.789567e-03
2.08178000000e+02	8.786190e-05	5.890519e-03
2.12073000000e+02	8.880960e-05	6.000135e-03
2.16040000000e+02	9.112150e-05	6.117288e-03
2.20081000000e+02	9.234212e-05	6.235122e-03
2.24198000000e+02	9.365201e-05	6.348776e-03
2.28392000000e+02	1.004207e-04	6.464251e-03
2.32665000000e+02	1.029270e-04	6.583930e-03
2.37017000000e+02	9.875000e-05	6.706322e-03
2.41451000000e+02	1.075526e-04	6.834652e-03
2.45968000000e+02	1.071507e-04	6.955373e-03
2.50569000000e+02	1.072669e-04	7.080400e-03
2.55256000000e+02	1.236376e-04	7.222431e-03
2.60031000000e+02	1.184342e-04	7.350056e-03
2.64896000000e+02	1.293016e-04	7.491909e-03
2.69851000000e+02	1.330953e-04	7.630158e-03
2.74899000000e+02	1.365146e-04	7.771988e-03
2.80042000000e+02	1.338726e-04	7.912637e-03
2.85280000000e+02	1.412639e-04	8.063202e-03
2.90617000000e+02	1.437847e-04	8.216588e-03
2.96053000000e+02	1.522860e-04	8.365829e-03
3.01591000000e+02	1.539466e-04	8.529701e-03
3.07233000000e+02	1.682323e-04	8.684270e-03
3.12981000000e+02	1.732425e-04	8.833947e-03
3.18835000000e+02	1.706854e-04	9.010638e-03
3.24800000000e+02	1.686632e-04	9.173089e-03
3.30876000000e+02	1.719721e-04	9.339589e-03
3.37065000000e+02	1.926942e-04	9.509077e-03
3.43371000000e+02	1.993017e-04	9.709875e-03
3.49794000000e+02	2.021569e-04	9.880479e-03
3.56338000000e+02	1.974585e-04	1.006798e-02
3.63003000000e+02	2.028893e-04	1.025378e-02
3.69794000000e+02	2.200957e-04	1.044444e-02
3.76712000000e+02	2.255148e-04	1.063184e-02
3.83759000000e+02	2.522814e-04	1.083530e-02
3.90938000000e+02	2.400565e-04	1.103468e-02
3.98251000000e+02	2.605276e-04	1.124012e-02
4.05701000000e+02	2.585082e-04	1.145275e-02
4.13290000000e+02	2.625452e-04	1.166730e-02
4.21021000000e+02	2.574979e-04	1.188968e-02
4.28897000000e+02	3.071684e-04	1.210601e-02
4.36920000000e+02	2.910314e-04	1.232653e-02
4.45094000000e+02	3.132197e-04	1.255210e-02
4.53420000000e+02	3.356701e-04	1.279327e-02
4.61902000000e+02	3.400901e-04	1.301592e-02
4.70543000000e+02	3.354462e-04	1.324068e-02
4.79345000000e+02	3.484119e-04	1.352106e-02
4.88312000000e+02	3.555282e-04	1.375860e-02
4.97447000000e+02	3.851167e-04	1.401606e-02
5.06752000000e+02	3.794465e-04	1.429062e-02
5.16232000000e+02	3.858395e-04	1.454718e-02
5.25889000000e+02	4.061455e-04	1.481458e-02
5.35727000000e+02	4.139244e-04	1.509370e-02
5.45748000000e+02	4.374114e-04	1.536263e-02
5.55957000000e+02	4.453932e-04	1.566958e-02
5.66358000000e+02	4.587841e-04	1.595979e-02
5.76952000000e+02	4.832569e-04	1.624805e-02
5.87745000000e+02	5.123091e-04	1.656125e-02
5.98740000000e+02	5.183861e-04	1.685539e-02
6.09940000000e+02	5.349097e-04	1.717506e-02
6.21350000000e+02	5.664590e-04	1.749659e-02
6.32974000000e+02	5.671598e-04	1.778795e-02
6.44815000000e+02	5.466671e-04	1.814862e-02
6.56877000000e+02	6.104846e-04	1.849101e-02
6.69165000000e+02	6.132954e-04	1.882851e-02
6.81683000000e+02	6.351030e-04	1.917724e-02
6.94435000000e+02	6.713888e-04	1.952312e-02
7.07425000000e+02	6.857728e-04	1.992454e-02
7.20659000000e+02	7.087823e-04	2.028126e-02
7.34140000000e+02	7.496182e-04	2.062297e-02
7.47874000000e+02	7.550656e-04	2.106361e-02
7.61864000000e+02	8.005549e-04	2.144743e-02
7.76116000000e+02	8.405814e-04	2.181419e-02
7.90634000000e+02	8.405615e-04	2.224259e-02
8.05425000000e+02	8.538889e-04	2.266177e-02
8.20491000000e+02	8.488823e-04	2.306695e-02
8.35840000000e+02	9.352224e-04	2.348240e-02
8.51476000000e+02	9.625244e-04	2.391408e-02
8.67404000000e+02	1.005610e-03	2.435829e-02
8.83630000000e+02	1.051045e-03	2.483786e-02
9.00160000000e+02	1.031676e-03	2.530104e-02
9.16999000000e+02	1.096891e-03	2.576228e-02
9.34153000000e+02	1.119274e-03	2.625020e-02
9.51628000000e+02	1.129510e-03	2.672528e-02
9.69430000000e+02	1.183271e-03	2.722548e-02
9.87565000000e+02	1.293858e-03	2.772248e-02
1.00603900000e+03	1.270251e-03	2.819997e-02
1.02485900000e+03	1.355495e-03	2.872730e-02
1.04403000000e+03	1.403577e-03	2.925012e-02
1.06356100000e+03	1.436947e-03	2.985811e-02
1.08345700000e+03	1.437654e-03	3.042636e-02
1.10372400000e+03	1.562375e-03	3.100001e-02
1.12437200000e+03	1.588369e-03	3.145461e-02
1.14540500000e+03	1.610326e-03	3.209786e-02
1.16683200000e+03	1.721407e-03	3.271254e-02
1.18865900000e+03	1.731427e-03	3.328557e-02
1.21089500000e+03	1.828741e-03	3.387064e-02
1.23354700000e+03	1.879287e-03	3.455506e-02
1.25662300000e+03	2.024910e-03	3.517303e-02
1.28013000000e+03	2.044266e-03	3.580119e-02
1.30407700000e+03	2.153805e-03	3.649307e-02
1.32847200000e+03	2.272839e-03	3.712757e-02
1.35332300000e+03	2.283835e-03	3.793304e-02
1.37863900000e+03	2.304914e-03	3.857030e-02
1.40442900000e+03	2.477963e-03	3.921164e-02
1.43070100000e+03	2.513976e-03	4.000053e-02
1.45746500000e+03	2.565851e-03	4.076554e-02
1.48472900000e+03	2.605245e-03	4.149159e-02
1.51250400000e+03	2.860151e-03	4.221822e-02
1.54079800000e+03	2.925354e-03	4.306297e-02
1.56962100000e+03	2.922404e-03	4.390767e-02
1.59898400000e+03	3.040229e-03	4.479391e-02
1.62889500000e+03	3.221572e-03	4.539639e-02
1.65936700000e+03	3.429526e-03	4.641496e-02
1.69040800000e+03	3.426979e-03	4.731059e-02
1.72203000000e+03	3.545116e-03	4.803998e-02
1.75424300000e+03	3.672275e-03	4.900395e-02
1.78705900000e+03	3.812885e-03	4.973819e-02
1.82048900000e+03	4.001319e-03	5.080644e-02
1.85454500000e+03	4.245619e-03	5.163850e-02
1.88923700000e+03	4.118623e-03	5.266829e-02
1.92457900000e+03	4.449362e-03	5.349283e-02
1.96058100000e+03	4.620992e-03	5.464811e-02
1.99725700000e+03	4.785262e-03	5.570275e-02
2.03461900000e+03	4.932327e-03	5.668830e-02
2.07268000000e+03	5.230129e-03	5.765339e-02
2.11145300000e+03	5.234721e-03	5.867807e-02
2.15095200000e+03	5.492332e-03	5.982501e-02
2.19118900000e+03	5.700045e-03	6.082523e-02
2.23217900000e+03	5.955407e-03	6.186758e-02
2.27393600000e+03	6.227090e-03	6.307234e-02
2.31647300000e+03	6.297225e-03	6.420787e-02
2.35980700000e+03	6.595680e-03	6.522852e-02
2.40395100000e+03	6.872697e-03	6.656721e-02
2.44892100000e+03	7.007448e-03	6.771271e-02
2.49473200000e+03	7.064979e-03	6.910626e-02
2.54140100000e+03	7.575084e-03	7.037117e-02
2.58894200000e+03	7.770695e-03	7.179897e-02
2.63737300000e+03	8.121678e-03	7.276592e-02
2.68670900000e+03	8.275705e-03	7.410179e-02
2.73696900000e+03	8.829482e-03	7.584801e-02
2.78816800000e+03	8.977801e-03	7.711871e-02
2.84032600000e+03	9.056609e-03	7.815948e-02
2.89345900000e+03	9.369683e-03	7.981505e-02
2.94758600000e+03	9.991854e-03	8.127549e-02
3.00272600000e+03	1.039890e-02	8.269419e-02
3.05889700000e+03	1.092503e-02	8.409929e-02
3.11611900000e+03	1.102679e-02	8.572730e-02
3.17441100000e+03	1.127307e-02	8.757421e-02
3.23379400000e+03	1.170328e-02	8.899426e-02
3.29428700000e+03	1.261632e-02	9.049679e-02
3.35591300000e+03	1.265383e-02	9.180909e-02
3.41869100000e+03	1.333521e-02	9.348697e-02
3.48264300000e+03	1.398371e-02	9.545967e-02
3.54779200000e+03	1.399158e-02	9.718749e-02
3.61415900000e+03	1.473479e-02	9.913718e-02
3.68176800000e+03	1.534252e-02	1.009085e-01
3.75064200000e+03	1.581035e-02	1.025352e-01
3.82080400000e+03	1.620784e-02	1.040458e-01
3.89227900000e+03	1.750408e-02	1.061307e-01
3.96509100000e+03	1.732037e-02	1.080073e-01
4.03926400000e+03	1.834496e-02	1.096442e-01
4.11482600000e+03	1.895070e-02	1.120044e-01
4.19180100000e+03	1.987297e-02	1.138517e-01
4.27021500000e+03	2.077848e-02	1.157812e-01
4.35009700000e+03	2.108764e-02	1.176062e-01
4.43147300000e+03	2.142786e-02	1.201760e-01
4.51437100000e+03	2.256731e-02	1.219245e-01
4.59882000000e+03	2.314915e-02	1.245506e-01
4.68484900000e+03	2.431748e-02	1.262436e-01
4.77248700000e+03	2.446866e-02	1.286544e-01
4.86176500000e+03	2.538492e-02	1.305130e-01
4.95271200000e+03	2.687391e-02	1.329987e-01
5.04536100000e+03	2.815881e-02	1.352619e-01
5.13974400000e+03	2.862814e-02	1.376134e-01
5.23589100000e+03	3.027603e-02	1.402788e-01
5.33383700000e+03	3.081478e-02	1.418104e-01
5.43361600000e+03	3.179359e-02	1.449237e-01
5.53526100000e+03	3.266354e-02	1.468355e-01
5.63880800000e+03	3.441317e-02	1.485811e-01
5.74429100000e+03	3.530294e-02	1.518049e-01
5.85174800000e+03	3.641036e-02	1.543792e-01
5.96121500000e+03	3.732900e-02	1.575146e-01
6.07273000000e+03	3.841808e-02	1.594439e-01
6.18633000000e+03	3.975483e-02	1.622884e-01
6.30205600000e+03	4.252666e-02	1.648028e-01
6.41994700000e+03	4.323451e-02	1.676900e-01
6.54004300000e+03	4.462990e-02	1.691165e-01
6.66238600000e+03	4.620054e-02	1.724347e-01
6.78701700000e+03	4.775248e-02	1.755461e-01
6.91398000000e+03	4.965614e-02	1.783408e-01
7.04331800000e+03	5.243484e-02	1.815265e-01
7.17507500000e+03	5.222265e-02	1.853875e-01
7.30929700000e+03	5.465448e-02	1.877488e-01
7.44603000000e+03	5.625930e-02	1.903132e-01
7.58532000000e+03	5.859080e-02	1.920966e-01
7.72721700000e+03	6.013397e-02	1.967241e-01
7.87176800000e+03	6.243522e-02	1.994298e-01
8.01902200000e+03	6.508311e-02	2.017023e-01
8.16903200000e+03	6.698509e-02	2.037869e-01
8.32184800000e+03	7.003858e-02	2.077603e-01
8.47752200000e+03	7.136464e-02	2.111270e-01
8.63610900000e+03	7.382137e-02	2.153511e-01
8.79766200000e+03	7.667408e-02	2.170430e-01
8.96223700000e+03	7.895131e-02	2.200339e-01
9.12989100000e+03	8.058222e-02	2.231735e-01
9.30068100000e+03	8.302970e-02	2.259203e-01
9.47466600000e+03	8.750634e-02	2.301470e-01
9.65190600000e+03	8.918370e-02	2.320300e-01
9.83246100000e+03	9.193440e-02	2.358515e-01
1.00163940000e+04	9.595418e-02	2.398052e-01
1.02037680000e+04	9.811430e-02	2.437901e-01
1.03946470000e+04	1.015934e-01	2.469983e-01
1.05890970000e+04	1.065146e-01	2.492648e-01
1.07871840000e+04	1.079900e-01	2.544455e-01
1.09889770000e+04	1.116812e-01	2.559057e-01
1.11945440000e+04	1.146158e-01	2.578718e-01
1.14039570000e+04	1.162336e-01	2.626708e-01
1.16172880000e+04	1.226788e-01	2.646605e-01
1.18346090000e+04	1.249624e-01	2.683271e-01
1.20559960000e+04	1.306737e-01	2.734728e-01
1.22815240000e+04	1.305266e-01	2.752172e-01
1.25112700000e+04	1.365849e-01	2.792886e-01
1.27453150000e+04	1.416846e-01	2.814834e-01
1.29837380000e+04	1.436488e-01	2.844973e-01
1.32266210000e+04	1.474699e-01	2.856416e-01
1.34740470000e+04	1.523652e-01	2.903456e-01
1.37261030000e+04	1.580567e-01	2.946746e-01
1.39828730000e+04	1.609919e-01	2.967414e-01
1.42444460000e+04	1.628077e-01	2.983825e-01
1.45109130000e+04	1.710922e-01	3.033920e-01
1.47823640000e+04	1.732227e-01	3.045140e-01
1.50588940000e+04	1.800291e-01	3.087984e-01
1.53405960000e+04	1.840246e-01	3.095292e-01
1.56275680000e+04	1.913643e-01	3.139298e-01
1.59199080000e+04	1.979187e-01	3.141170e-01
1.62177180000e+04	1.990937e-01	3.178594e-01
1.65210980000e+04	2.030302e-01	3.234561e-01
1.68301530000e+04	2.103232e-01	3.202227e-01
1.71449900000e+04	2.157476e-01	3.256259e-01
1.74657160000e+04	2.189970e-01	3.292653e-01
1.77924420000e+04	2.272222e-01	3.297197e-01
1.81252800000e+04	2.295988e-01	3.332133e-01
1.84643440000e+04	2.365207e-01	3.338575e-01
1.88097520000e+04	2.426335e-01	3.348944e-01
1.91616200000e+04	2.501226e-01	3.364879e-01
1.95200710000e+04	2.539708e-01	3.386538e-01
1.98852270000e+04	2.588459e-01	3.422243e-01
2.02572140000e+04	2.650589e-01	3.438138e-01
2.06361600000e+04	2.703159e-01	3.455412e-01
2.10221950000e+04	2.793153e-01	3.459035e-01
2.14154510000e+04	2.865361e-01	3.473411e-01
2.18160630000e+04	2.901435e-01	3.483539e-01
2.22241700000e+04	2.942192e-01	3.492887e-01
2.26399110000e+04	3.023546e-01	3.492443e-01
2.30634290000e+04	3.055274e-01	3.523735e-01
2.34948700000e+04	3.140883e-01	3.538554e-01
2.39343820000e+04	3.186596e-01	3.560942e-01
2.43821150000e+04	3.243977e-01	3.539091e-01
2.48382240000e+04	3.318682e-01	3.571340e-01
2.53028660000e+04	3.360585e-01	3.564738e-01
2.57761990000e+04	3.404296e-01	3.571410e-01
2.62583870000e+04	3.525715e-01	3.582656e-01
2.67495950000e+04	3.539163e-01	3.580744e-01
2.72499920000e+04	3.613132e-01	3.568375e-01
2.77597490000e+04	3.680948e-01	3.552054e-01
2.82790430000e+04	3.726309e-01	3.536129e-01
2.88080510000e+04	3.774484e-01	3.567747e-01
2.93469550000e+04	3.868334e-01	3.575176e-01
2.98959390000e+04	3.925776e-01	3.548120e-01
3.04551940000e+04	3.972845e-01	3.569548e-01
3.10249110000e+04	4.042149e-01	3.551612e-01
3.16052840000e+04	4.099356e-01	3.515044e-01
3.21965150000e+04	4.123546e-01	3.535782e-01
3.27988060000e+04	4.218305e-01	3.516351e-01
3.34123640000e+04	4.267870e-01	3.511989e-01
3.40373990000e+04	4.297561e-01	3.510114e-01
3.46741270000e+04	4.371420e-01	3.492359e-01
3.53227660000e+04	4.444359e-01	3.478528e-01
3.59835380000e+04	4.524298e-01	3.482336e-01
3.66566720000e+04	4.545112e-01	3.463409e-01
3.73423970000e+04	4.589739e-01	3.415687e-01
3.80409510000e+04	4.676665e-01	3.428869e-01
3.87525720000e+04	4.701100e-01	3.417256e-01
3.94775050000e+04	4.770721e-01	3.411039e-01
4.02159990000e+04	4.816896e-01	3.370997e-01
4.09683080000e+04	4.876586e-01	3.374866e-01
4.17346900000e+04	4.926266e-01	3.358360e-01
4.25154090000e+04	4.980397e-01	3.344776e-01
4.33107320000e+04	5.059558e-01	3.329149e-01
4.41209330000e+04	5.061410e-01	3.306924e-01
4.49462910000e+04	5.134465e-01	3.302168e-01
4.57870880000e+04	5.174829e-01	3.243975e-01
4.66436130000e+04	5.228869e-01	3.286566e-01
4.75161620000e+04	5.268447e-01	3.246145e-01
4.84050330000e+04	5.314000e-01	3.236212e-01
4.93105320000e+04	5.353822e-01	3.185637e-01
5.02329690000e+04	5.371698e-01	3.182310e-01
5.11726630000e+04	5.431765e-01	3.178023e-01
5.21299350000e+04	5.474389e-01	3.140689e-01
5.31051140000e+04	5.526779e-01	3.154416e-01
5.40985360000e+04	5.581514e-01	3.107048e-01
5.51105420000e+04	5.593809e-01	3.072084e-01
5.61414780000e+04	5.651532e-01	3.058941e-01
5.71917010000e+04	5.672286e-01	3.031840e-01
5.82615690000e+04	5.723066e-01	3.017572e-01
5.93514510000e+04	5.744815e-01	3.028824e-01
6.04617220000e+04	5.813698e-01	2.978952e-01
6.15927610000e+04	5.846092e-01	2.966763e-01
6.27449590000e+04	5.844343e-01	2.968943e-01
6.39187110000e+04	5.920203e-01	2.911294e-01
6.51144190000e+04	5.917071e-01	2.915245e-01
6.63324960000e+04	6.020714e-01	2.892720e-01
6.75733580000e+04	6.031219e-01	2.867579e-01
6.88374340000e+04	6.042052e-01	2.860290e-01
7.01251550000e+04	6.065584e-01	2.812095e-01
7.14369660000e+04	6.119770e-01	2.814265e-01
7.27733170000e+04	6.152681e-01	2.809702e-01
7.41346660000e+04	6.193417e-01	2.759757e-01
7.55214810000e+04	6.193951e-01	2.770987e-01
7.69342400000e+04	6.245414e-01	2.735070e-01
7.83734260000e+04	6.309412e-01	2.726928e-01
7.98395350000e+04	6.288234e-01	2.714203e-01
8.13330690000e+04	6.357309e-01	2.657772e-01
8.28545430000e+04	6.370806e-01	2.638872e-01
8.44044790000e+04	6.388793e-01	2.649900e-01
8.59834090000e+04	6.428289e-01	2.627991e-01
8.75918760000e+04	6.447311e-01	2.617915e-01
8.92304310000e+04	6.502607e-01	2.610429e-01
9.08996390000e+04	6.496570e-01	2.601902e-01
9.26000720000e+04	6.488653e-01	2.579926e-01
9.43323140000e+04	6.546951e-01	2.560889e-01
9.60969610000e+04	6.607265e-01	2.536722e-01
9.78946190000e+04	6.621436e-01	2.511190e-01
9.97259050000e+04	6.656045e-01	2.511664e-01
1.01591449000e+05	6.669578e-01	2.482874e-01
1.03491890000e+05	6.670435e-01	2.478814e-01
1.05427883000e+05	6.721886e-01	2.493125e-01
1.07400091000e+05	6.777921e-01	2.477247e-01
1.09409193000e+05	6.757524e-01	2.466704e-01
1.11455879000e+05	6.780233e-01	2.426084e-01
1.13540852000e+05	6.810437e-01	2.421084e-01
1.15664827000e+05	6.837161e-01	2.409552e-01
1.17828536000e+05	6.877565e-01	2.417701e-01
1.20032720000e+05	6.930422e-01	2.367323e-01
1.22278137000e+05	6.909165e-01	2.371721e-01
1.24565558000e+05	6.930261e-01	2.354533e-01
1.26895769000e+05	6.956678e-01	2.337109e-01
1.29269572000e+05	6.994354e-01	2.356722e-01
1.31687780000e+05	7.061141e-01	2.314364e-01
1.34151225000e+05	7.074727e-01	2.326493e-01
1.36660752000e+05	7.078591e-01	2.275011e-01
1.39217225000e+05	7.084635e-01	2.287824e-01
1.41821521000e+05	7.119092e-01	2.256962e-01
1.44474535000e+05	7.158599e-01	2.242322e-01
1.47177178000e+05	7.141258e-01	2.249119e-01
1.49930378000e+05	7.199454e-01	2.234577e-01
1.52735082000e+05	7.216089e-01	2.250015e-01
1.55592253000e+05	7.259016e-01	2.249796e-01
1.58502871000e+05	7.278377e-01	2.227234e-01
1.61467938000e+05	7.301423e-01	2.215488e-01
1.64488472000e+05	7.313234e-01	2.206651e-01
1.67565510000e+05	7.347679e-01	2.211192e-01
1.70700109000e+05	7.360452e-01	2.159296e-01
1.73893346000e+05	7.416870e-01	2.145243e-01
1.77146318000e+05	7.408997e-01	2.161141e-01
1.80460142000e+05	7.449349e-01	2.125167e-01
1.83835957000e+05	7.477999e-01	2.127661e-01
1.87274923000e+05	7.484959e-01	2.156823e-01
1.90778220000e+05	7.523761e-01	2.088701e-01
1.94347053000e+05	7.565201e-01	2.090911e-01
1.97982646000e+05	7.591601e-01	2.072798e-01
2.01686250000e+05	7.573745e-01	2.061427e-01
2.05459135000e+05	7.582716e-01	2.041392e-01
2.09302599000e+05	7.679585e-01	2.040433e-01
2.13217962000e+05	7.656718e-01	2.071630e-01
2.17206568000e+05	7.678683e-01	2.026628e-01
2.21269788000e+05	7.676521e-01	2.059646e-01
2.25409017000e+05	7.750438e-01	2.025523e-01
2.29625678000e+05	7.714242e-01	1.964136e-01
2.33921218000e+05	7.765161e-01	1.999491e-01
2.38297114000e+05	7.780360e-01	1.987664e-01
2.42754869000e+05	7.780256e-01	1.985863e-01
2.47296013000e+05	7.844492e-01	1.949861e-01
2.51922107000e+05	7.853654e-01	1.928134e-01
2.56634741000e+05	7.880129e-01	1.964278e-01
2.61435532000e+05	7.884163e-01	1.958807e-01
2.66326130000e+05	7.901340e-01	1.936769e-01
2.71308215000e+05	7.901893e-01	1.904981e-01
2.76383499000e+05	7.955733e-01	1.941089e-01
2.81553724000e+05	7.938210e-01	1.917222e-01
2.86820667000e+05	8.007958e-01	1.977638e-01
2.92186138000e+05	8.014475e-01	1.866378e-01
2.97651978000e+05	8.054830e-01	1.854471e-01
3.03220067000e+05	8.062651e-01	1.833871e-01
3.08892316000e+05	8.103769e-01	1.847261e-01
3.14670675000e+05	8.113238e-01	1.783045e-01
3.20557127000e+05	8.134189e-01	1.896110e-01
3.26553695000e+05	8.168888e-01	1.798862e-01
3.32662440000e+05	8.143103e-01	1.784140e-01
3.38885459000e+05	8.229668e-01	1.802899e-01
3.45224890000e+05	8.191403e-01	1.832655e-01
3.51682912000e+05	8.188707e-01	1.803493e-01
3.58261741000e+05	8.253524e-01	1.785144e-01
3.64963639000e+05	8.244299e-01	1.713316e-01
3.71790907000e+05	8.266079e-01	1.740035e-01
3.78745891000e+05	8.263130e-01	1.783395e-01
3.85830980000e+05	8.347163e-01	1.801194e-01
3.93048607000e+05	8.290937e-01	1.781848e-01
4.00401253000e+05	8.350000e-01	1.765941e-01
4.07891442000e+05	8.370134e-01	1.778180e-01
4.15521748000e+05	8.470340e-01	1.721877e-01
4.23294792000e+05	8.439292e-01	1.700756e-01
4.31213244000e+05	8.473102e-01	1.670846e-01
4.39279824000e+05	8.533107e-01	1.722603e-01
4.47497303000e+05	8.411489e-01	1.699192e-01
4.55868505000e+05	8.476133e-01	1.663312e-01
4.64396304000e+05	8.537111e-01	1.704571e-01
4.73083630000e+05	8.535678e-01	1.673700e-01
4.81933467000e+05	8.516461e-01	1.649267e-01
4.90948855000e+05	8.540033e-01	1.698781e-01
5.00132892000e+05	8.615031e-01	1.685633e-01
5.09488732000e+05	8.615369e-01	1.643186e-01
5.19019589000e+05	8.611453e-01	1.633398e-01
5.28728737000e+05	8.590604e-01	1.602476e-01
5.38619511000e+05	8.675606e-01	1.611236e-01
5.48695309000e+05	8.651519e-01	1.614461e-01
5.58959592000e+05	8.668949e-01	1.687756e-01
5.69415885000e+05	8.660654e-01	1.615012e-01
5.80067782000e+05	8.667109e-01	1.609272e-01
5.90918941000e+05	8.716629e-01	1.559060e-01
6.01973089000e+05	8.717249e-01	1.604874e-01
6.13234023000e+05	8.653010e-01	1.565518e-01
6.24705613000e+05	8.757364e-01	1.561824e-01
6.36391799000e+05	8.786801e-01	1.620986e-01
6.48296594000e+05	8.778244e-01	1.520325e-01
6.60424089000e+05	8.806665e-01	1.545372e-01
6.72778450000e+05	8.852483e-01	1.463508e-01
6.85363919000e+05	8.886485e-01	1.528492e-01
6.98184822000e+05	8.879907e-01	1.564832e-01
7.11245562000e+05	8.863633e-01	1.471571e-01
7.24550625000e+05	8.936055e-01	1.496818e-01
7.38104581000e+05	8.887710e-01	1.492294e-01
7.51912088000e+05	8.982556e-01	1.442379e-01
7.65977888000e+05	8.957784e-01	1.469038e-01
7.80306813000e+05	8.994253e-01	1.478098e-01
7.94903784000e+05	9.048252e-01	1.460973e-01
8.09773817000e+05	9.045184e-01	1.446364e-01
8.24922019000e+05	9.113619e-01	1.467604e-01
8.40353595000e+05	9.111799e-01	1.476891e-01
8.56073844000e+05	9.085303e-01	1.520733e-01
8.72088167000e+05	8.995664e-01	1.400675e-01
8.88402066000e+05	9.168473e-01	1.429348e-01
9.05021144000e+05	9.187763e-01	1.465289e-01
9.21951110000e+05	9.107993e-01	1.458483e-01
9.39197780000e+05	9.154581e-01	1.427536e-01
9.56767078000e+05	9.135275e-01	1.393923e-01
9.74665041000e+05	9.120156e-01	1.370301e-01
9.92897815000e+05	9.160458e-01	1.405656e-01
1.01147166400e+06	9.170375e-01	1.412066e-01
1.03039296900e+06	9.242634e-01	1.313906e-01
1.04966822900e+06	9.183349e-01	1.391596e-01
1.06930406600e+06	9.277709e-01	1.302428e-01
1.08930722500e+06	9.300685e-01	1.310964e-01
1.10968457700e+06	9.358658e-01	1.267944e-01
1.13044312200e+06	9.355730e-01	1.322268e-01
1.15158999200e+06	9.288768e-01	1.287323e-01
1.17313244900e+06	9.296568e-01	1.287608e-01
1.19507789500e+06	9.367855e-01	1.285033e-01
1.21743386800e+06	9.455262e-01	1.330914e-01
1.24020804800e+06	9.357327e-01	1.239637e-01
1.26340825800e+06	9.414176e-01	1.276851e-01
1.28704246700e+06	9.399461e-01	1.268611e-01
1.31111879400e+06	9.455304e-01	1.336903e-01
1.33564551100e+06	9.497980e-01	1.342272e-01
1.36063104100e+06	9.443780e-01	1.292531e-01
1.38608396800e+06	9.453585e-01	1.284732e-01
1.41201303600e+06	9.607731e-01	1.307437e-01
1.43842715200e+06	9.467652e-01	1.259257e-01
1.46533538800e+06	9.551146e-01	1.257069e-01
1.49274698900e+06	9.570901e-01	1.292890e-01
1.52067137100e+06	9.684591e-01	1.285500e-01
1.54911812600e+06	9.730331e-01	1.219731e-01
1.57809702700e+06	9.668925e-01	1.224261e-01
1.60761802700e+06	9.685762e-01	1.241781e-01
1.63769126700e+06	9.687469e-01	1.239351e-01
1.66832708000e+06	9.778103e-01	1.168357e-01
1.69953598700e+06	9.847288e-01	1.280090e-01
1.73132871000e+06	9.710302e-01	1.145981e-01
1.76371617100e+06	9.733887e-01	1.241569e-01
1.79670949400e+06	9.758703e-01	1.202054e-01
1.83032001300e+06	9.768801e-01	1.153901e-01
1.86455927500e+06	9.744446e-01	1.161812e-01
1.89943904100e+06	9.887611e-01	1.099781e-01
1.93497129200e+06	9.834092e-01	1.273024e-01
1.97116823500e+06	9.882727e-01	1.217099e-01
2.00804230300e+06	9.816007e-01	1.107883e-01
2.04560616400e+06	9.911048e-01	1.119785e-01
2.08387272100e+06	9.958795e-01	1.142398e-01
2.12285511900e+06	9.947449e-01	1.136817e-01
2.16256675000e+06	9.895052e-01	1.037005e-01
2.20302125400e+06	1.000607e+00	1.036144e-01
2.24423252900e+06	9.878766e-01	1.028740e-01
2.28621473200e+06	9.984415e-01	1.071811e-01
2.32898228300e+06	9.936097e-01	1.098374e-01
2.37254987400e+06	9.970481e-01	9.552009e-02
2.41693247200e+06	1.008604e+00	1.090462e-01
2.46214532100e+06	1.002372e+00	1.143418e-01
2.50820395400e+06	1.010118e+00	1.066657e-01
2.55512419300e+06	1.001025e+00	9.264561e-02
2.60292215500e+06	1.000707e+00	9.479926e-02
2.65161425900e+06	1.011257e+00	9.189551e-02
2.70121723300e+06	1.014519e+00	1.160321e-01
2.75174811400e+06	1.011786e+00	9.750673e-02
2.80322426300e+06	1.011214e+00	1.017814e-01
2.85566336000e+06	1.020110e+00	9.646901e-02
2.90908342000e+06	1.025738e+00	9.234333e-02
2.96350279400e+06	1.026590e+00	9.268612e-02
3.01894017500e+06	1.021641e+00	9.132662e-02
3.07541460700e+06	1.021811e+00	9.160074e-02
3.13294549000e+06	1.031686e+00	8.951787e-02
3.19155258600e+06	1.032034e+00	8.802829e-02
3.25125602800e+06	1.032869e+00	9.994424e-02
3.31207632400e+06	1.034121e+00	8.510460e-02
3.37403436900e+06	1.032467e+00	8.909586e-02
3.43715144400e+06	1.036273e+00	8.919927e-02
3.50144923200e+06	1.030595e+00	8.289027e-02
3.56694982000e+06	1.035696e+00	8.015364e-02
3.63367570800e+06	1.040234e+00	8.321297e-02
3.70164981800e+06	1.039679e+00	8.344966e-02
3.77089550000e+06	1.041635e+00	8.488332e-02
3.84143654100e+06	1.047036e+00	8.095521e-02
3.91329717200e+06	1.053086e+00	7.572836e-02
3.98650207900e+06	1.052941e+00	7.388945e-02
4.06107640900e+06	1.062632e+00	7.330297e-02
4.13704577900e+06	1.059893e+00	7.210610e-02
4.21443628600e+06	1.058509e+00	6.650202e-02
4.29327451400e+06	1.068795e+00	6.571235e-02
4.37358754600e+06	1.068208e+00	6.788953e-02
4.45540297100e+06	1.063799e+00	6.327897e-02
4.53874889300e+06	1.072585e+00	6.648301e-02
4.62365394300e+06	1.074658e+00	6.112536e-02
4.71014728600e+06	1.074510e+00	5.904792e-02
4.79825863600e+06	1.075275e+00	6.375873e-02
4.88801825800e+06	1.078037e+00	5.258683e-02
4.97945698800e+06	1.072140e+00	5.419463e-02
5.07260623500e+06	1.084806e+00	5.555360e-02
5.16749799800e+06	1.078058e+00	5.458717e-02
5.26416487400e+06	1.083318e+00	4.882121e-02
5.36264006800e+06	1.081778e+00	5.048790e-02
5.46295740900e+06	1.076744e+00	4.484410e-02
5.56515135800e+06	1.084019e+00	4.078498e-02
5.66925701900e+06	1.089713e+00	4.134064e-02
5.77531015400e+06	1.092092e+00	3.854122e-02
5.88334719300e+06	1.091417e+00	4.138029e-02
5.99340525100e+06	1.100094e+00	2.592417e-02
6.10552213200e+06	1.098231e+00	2.925816e-02
6.21973635100e+06	1.108533e+00	2.609804e-02
6.33608714200e+06	1.102746e+00	2.123283e-02
6.45461447300e+06	1.099456e+00	1.752045e-02
6.57535906100e+06	1.104987e+00	1.752685e-02
6.69836238200e+06	1.110276e+00	1.737425e-02
6.82366669000e+06	1.117356e+00	1.062958e-02
6.95131503000e+06	1.121357e+00	4.957412e-03
7.08135124900e+06	1.120645e+00	8.539842e-03
7.21382001800e+06	1.118986e+00	-5.759341e-05
7.34876684200e+06	1.120863e+00	-1.088472e-03
7.48623807700e+06	1.117457e+00	3.739485e-03
7.62628094600e+06	1.129026e+00	-1.100210e-02
7.76894355600e+06	1.132083e+00	-7.505990e-03
7.91427491300e+06	1.136099e+00	-9.397446e-03
8.06232494200e+06	1.134025e+00	-1.706991e-02
8.21314450000e+06	1.139258e+00	-2.015879e-02
8.36678539400e+06	1.128739e+00	-3.094645e-02
8.52330040500e+06	1.145642e+00	-2.263160e-02
8.68274329600e+06	1.134334e+00	-2.475955e-02
8.84516883800e+06	1.137365e+00	-3.817338e-02
9.01063282800e+06	1.138898e+00	-4.789015e-02
9.17919210400e+06	1.145613e+00	-4.175390e-02
9.35090456900e+06	1.144494e+00	-4.262456e-02
9.52582920900e+06	1.144646e+00	-5.472416e-02
9.70402611300e+06	1.151934e+00	-5.583673e-02
9.88555649500e+06	1.147766e+00	-5.896258e-02
1.00704827130e+07	1.138113e+00	-7.135961e-02
1.02588682910e+07	1.145368e+00	-7.951197e-02
1.04507779430e+07	1.149100e+00	-7.517051e-02
1.06462775940e+07	1.148768e+00	-7.833416e-02
1.08454343980e+07	1.152930e+00	-7.958955e-02
1.10483167720e+07	1.150061e+00	-9.154525e-02
1.12549944060e+07	1.141960e+00	-9.146103e-02
1.14655382990e+07	1.146293e+00	-1.034825e-01
1.16800207740e+07	1.151822e+00	-9.506632e-02
1.18985155110e+07	1.138468e+00	-1.231325e-01
1.21210975650e+07	1.162677e+00	-1.249041e-01
1.23478433960e+07	1.164536e+00	-1.280904e-01
1.25788308950e+07	1.166671e+00	-1.323702e-01
1.28141394100e+07	1.172906e+00	-1.577363e-01
1.30538497730e+07	1.158261e+00	-1.312734e-01
1.32980443270e+07	1.158414e+00	-1.579020e-01
1.35468069580e+07	1.167169e+00	-1.558561e-01
1.38002231190e+07	1.161297e+00	-1.726816e-01
1.40583798610e+07	1.167354e+00	-1.711399e-01
1.43213658660e+07	1.166853e+00	-1.732368e-01
1.45892714740e+07	1.163234e+00	-1.956072e-01
1.48621887140e+07	1.155267e+00	-1.992973e-01
1.51402113360e+07	1.170484e+00	-2.069931e-01
1.54234348470e+07	1.168153e+00	-2.142010e-01
1.57119565370e+07	1.163062e+00	-2.296073e-01
1.60058755190e+07	1.172443e+00	-2.421541e-01
1.63052927560e+07	1.155185e+00	-2.451824e-01
1.66103111050e+07	1.158610e+00	-2.539659e-01
1.69210353420e+07	1.160339e+00	-2.665851e-01
1.72375722070e+07	1.152832e+00	-2.681781e-01
1.75600304350e+07	1.151149e+00	-2.648021e-01
1.78885207950e+07	1.157887e+00	-2.767588e-01
1.82231561280e+07	1.148084e+00	-2.928987e-01
1.85640513860e+07	1.142026e+00	-3.040321e-01
1.89113236730e+07	1.143060e+00	-3.132349e-01
1.92650922800e+07	1.133763e+00	-3.191057e-01
1.96254787340e+07	1.133853e+00	-3.174018e-01
1.99926068310e+07	1.121632e+00	-3.288745e-01
2.03666026870e+07	1.129983e+00	-3.550157e-01
2.07475947740e+07	1.135404e+00	-3.593358e-01
2.11357139690e+07	1.117834e+00	-3.574534e-01
2.15310935960e+07	1.128859e+00	-3.758463e-01
2.19338694740e+07	1.113030e+00	-3.853960e-01
2.23441799630e+07	1.101140e+00	-3.854479e-01
2.27621660100e+07	1.097635e+00	-4.007968e-01
2.31879712010e+07	1.089888e+00	-4.189663e-01
2.36217418040e+07	1.083276e+00	-4.298943e-01
2.40636268280e+07	1.080400e+00	-4.439582e-01
2.45137780650e+07	1.081887e+00	-4.509653e-01
2.49723501510e+07	1.075792e+00	-4.496360e-01
2.54395006100e+07	1.071573e+00	-4.657598e-01
2.59153899160e+07	1.069379e+00	-4.752546e-01
2.64001815450e+07	1.055252e+00	-4.824916e-01
2.68940420290e+07	1.045886e+00	-4.942839e-01
2.73971410170e+07	1.031871e+00	-5.011892e-01
2.79096513310e+07	1.015053e+00	-5.156065e-01
2.84317490250e+07	1.003255e+00	-5.193263e-01
2.89636134490e+07	9.932361e-01	-5.313720e-01
2.95054273050e+07	9.950129e-01	-5.278817e-01
3.00573767140e+07	9.782871e-01	-5.395486e-01
3.06196512800e+07	9.652384e-01	-5.642043e-01
3.11924441520e+07	9.594134e-01	-5.680271e-01
3.17759520930e+07	9.553057e-01	-5.749109e-01
3.23703755460e+07	9.437400e-01	-5.843098e-01
3.29759187060e+07	9.314131e-01	-5.769143e-01
3.35927895840e+07	9.130450e-01	-5.948989e-01
3.42212000850e+07	8.929250e-01	-6.030068e-01
3.48613660790e+07	8.943798e-01	-6.031614e-01
3.55135074700e+07	8.873098e-01	-6.123517e-01
3.61778482800e+07	8.590949e-01	-6.172183e-01
3.68546167200e+07	8.505999e-01	-6.317853e-01
3.75440452690e+07	8.346916e-01	-6.365023e-01
3.82463707560e+07	8.246177e-01	-6.476548e-01
3.89618344410e+07	8.155367e-01	-6.483696e-01
3.96906820970e+07	8.053617e-01	-6.538083e-01
4.04331640920e+07	7.815215e-01	-6.540031e-01
4.11895354820e+07	7.776915e-01	-6.542014e-01
4.19600560900e+07	7.569872e-01	-6.686144e-01
4.27449906010e+07	7.468531e-01	-6.609157e-01
4.35446086540e+07	7.176923e-01	-6.714166e-01
4.43591849280e+07	7.183923e-01	-6.741233e-01
4.51889992420e+07	6.953355e-01	-6.803822e-01
4.60343366500e+07	6.876557e-01	-6.841839e-01
4.68954875380e+07	6.766814e-01	-6.834167e-01
4.77727477250e+07	6.543840e-01	-6.694554e-01
4.86664185610e+07	6.430381e-01	-6.855649e-01
4.95768070360e+07	6.231057e-01	-6.768502e-01
5.05042258830e+07	6.137734e-01	-6.725108e-01
5.14489936840e+07	6.024061e-01	-6.819531e-01
5.24114349790e+07	5.812066e-01	-6.730227e-01
5.33918803830e+07	5.666538e-01	-6.775979e-01
5.43906666920e+07	5.515218e-01	-6.721038e-01
5.54081370050e+07	5.349806e-01	-6.749928e-01
5.64446408380e+07	5.309423e-01	-6.666902e-01
5.75005342460e+07	5.071742e-01	-6.690179e-01
5.85761799430e+07	4.971713e-01	-6.642938e-01
5.96719474300e+07	4.863510e-01	-6.607314e-01
6.07882131190e+07	4.702268e-01	-6.523675e-01
6.19253604650e+07	4.597114e-01	-6.534909e-01
6.30837800930e+07	4.442558e-01	-6.500750e-01
6.42638699390e+07	4.269561e-01	-6.444623e-01
6.54660353810e+07	4.192110e-01	-6.409106e-01
6.66906893810e+07	4.050355e-01	-6.317493e-01
6.79382526260e+07	3.983271e-01	-6.280280e-01
6.92091536720e+07	3.835950e-01	-6.267394e-01
7.05038290920e+07	3.726707e-01	-6.200832e-01
7.18227236270e+07	3.597300e-01	-6.143950e-01
7.31662903370e+07	3.501187e-01	-6.089925e-01
7.45349907570e+07	3.426259e-01	-5.985747e-01
7.59292950560e+07	3.313632e-01	-5.916024e-01
7.73496821980e+07	3.219664e-01	-5.908205e-01
7.87966401080e+07	3.108031e-01	-5.837530e-01
8.02706658360e+07	2.978384e-01	-5.728385e-01
8.17722657330e+07	2.895253e-01	-5.673631e-01
8.33019556210e+07	2.812614e-01	-5.608549e-01
8.48602609700e+07	2.708575e-01	-5.554240e-01
8.64477170830e+07	2.620853e-01	-5.484208e-01
8.80648692730e+07	2.525877e-01	-5.423495e-01
8.97122730570e+07	2.443416e-01	-5.353751e-01
9.13904943420e+07	2.389167e-01	-5.296140e-01
9.31001096230e+07	2.305946e-01	-5.211064e-01
9.48417061770e+07	2.209369e-01	-5.152643e-01
9.66158822700e+07	2.142564e-01	-5.066915e-01
9.84232473560e+07	2.069327e-01	-4.966020e-01
1.00264422293e+08	2.004509e-01	-4.906006e-01
1.02140039551e+08	1.930188e-01	-4.855129e-01
1.04050743434e+08	1.876842e-01	-4.782891e-01
1.05997190296e+08	1.826162e-01	-4.730632e-01
1.07980048771e+08	1.754250e-01	-4.645163e-01
1.10000000000e+08	1.712116e-01	-4.545206e-01
