4294A REV1.11
"DATE:     13 -100"


"MEASURE PARAMETER: IMPEDANCE - ADMITTANCE"
"ADAPTER: NONE"
"SWEEP TYPE: LOG FREQ"
"NUMBER of POINTS: 801"
"POINT DELAY TIME:  0 Sec"
"SWEEP DELAY TIME:  0 Sec"
"OSC LEVEL:  10 mVolt"
"DC BIAS:  5 Volt"
"BW: 2"
"SWEEP AVERAGING: OFF"
"POINT AVERAGING: OFF"


"TRACE: A"

"Frequency"	"Data Trace Real"	"Data Trace Imag"
4.00000000000e+01	3.920862e+01	-1.702745e+03
4.07480000000e+01	4.040282e+01	-1.671798e+03
4.15110000000e+01	3.740482e+01	-1.640907e+03
4.22870000000e+01	3.838895e+01	-1.610980e+03
4.30780000000e+01	3.749538e+01	-1.581647e+03
4.38840000000e+01	3.635820e+01	-1.552870e+03
4.47050000000e+01	3.590634e+01	-1.524262e+03
4.55410000000e+01	3.590015e+01	-1.496610e+03
4.63930000000e+01	3.469511e+01	-1.468897e+03
4.72610000000e+01	3.378180e+01	-1.443979e+03
4.81450000000e+01	3.466661e+01	-1.416671e+03
4.90460000000e+01	3.351028e+01	-1.391137e+03
4.99630000000e+01	3.302866e+01	-1.365775e+03
5.08980000000e+01	3.183138e+01	-1.340371e+03
5.18500000000e+01	3.160359e+01	-1.316984e+03
5.28200000000e+01	3.126920e+01	-1.292914e+03
5.38080000000e+01	3.003498e+01	-1.268252e+03
5.48150000000e+01	2.884394e+01	-1.246398e+03
5.58400000000e+01	3.029607e+01	-1.222107e+03
5.68850000000e+01	2.772609e+01	-1.201026e+03
5.79490000000e+01	2.798072e+01	-1.179101e+03
5.90330000000e+01	2.820200e+01	-1.158649e+03
6.01370000000e+01	2.678880e+01	-1.137815e+03
6.12620000000e+01	2.734735e+01	-1.116877e+03
6.24080000000e+01	2.701511e+01	-1.096003e+03
6.35750000000e+01	2.730418e+01	-1.075760e+03
6.47650000000e+01	2.479514e+01	-1.057293e+03
6.59760000000e+01	2.465601e+01	-1.038549e+03
6.72100000000e+01	2.514468e+01	-1.019281e+03
6.84680000000e+01	2.468790e+01	-9.996213e+02
6.97490000000e+01	2.409425e+01	-9.823589e+02
7.10530000000e+01	2.390866e+01	-9.643473e+02
7.23820000000e+01	2.322544e+01	-9.470405e+02
7.37360000000e+01	2.201535e+01	-9.301476e+02
7.51160000000e+01	2.218633e+01	-9.132572e+02
7.65210000000e+01	2.205991e+01	-8.964659e+02
7.79520000000e+01	2.211390e+01	-8.804027e+02
7.94110000000e+01	2.131227e+01	-8.644618e+02
8.08960000000e+01	2.103652e+01	-8.486604e+02
8.24100000000e+01	2.156125e+01	-8.324512e+02
8.39510000000e+01	2.093245e+01	-8.186383e+02
8.55220000000e+01	2.119844e+01	-8.034745e+02
8.71210000000e+01	2.057241e+01	-7.888788e+02
8.87510000000e+01	1.993143e+01	-7.750002e+02
9.04110000000e+01	1.924500e+01	-7.605295e+02
9.21030000000e+01	1.932777e+01	-7.470896e+02
9.38260000000e+01	1.868285e+01	-7.331798e+02
9.55810000000e+01	1.867087e+01	-7.193989e+02
9.73690000000e+01	1.801702e+01	-7.062290e+02
9.91900000000e+01	1.829499e+01	-6.941453e+02
1.01046000000e+02	1.795815e+01	-6.812986e+02
1.02936000000e+02	1.795799e+01	-6.693026e+02
1.04862000000e+02	1.726405e+01	-6.566282e+02
1.06823000000e+02	1.759658e+01	-6.451926e+02
1.08822000000e+02	1.711445e+01	-6.331588e+02
1.10857000000e+02	1.650714e+01	-6.217521e+02
1.12931000000e+02	1.639643e+01	-6.107421e+02
1.15044000000e+02	1.637263e+01	-5.997850e+02
1.17196000000e+02	1.621232e+01	-5.885656e+02
1.19388000000e+02	1.615060e+01	-5.783878e+02
1.21621000000e+02	1.595423e+01	-5.675044e+02
1.23897000000e+02	1.586946e+01	-5.573370e+02
1.26214000000e+02	1.503232e+01	-5.468544e+02
1.28575000000e+02	1.503181e+01	-5.366605e+02
1.30980000000e+02	1.479861e+01	-5.272241e+02
1.33431000000e+02	1.418123e+01	-5.180452e+02
1.35927000000e+02	1.430937e+01	-5.081759e+02
1.38469000000e+02	1.400829e+01	-4.997638e+02
1.41060000000e+02	1.413176e+01	-4.904336e+02
1.43699000000e+02	1.378520e+01	-4.815405e+02
1.46387000000e+02	1.344701e+01	-4.729395e+02
1.49125000000e+02	1.336823e+01	-4.642288e+02
1.51915000000e+02	1.326966e+01	-4.555950e+02
1.54757000000e+02	1.318474e+01	-4.474730e+02
1.57652000000e+02	1.284822e+01	-4.392690e+02
1.60601000000e+02	1.289171e+01	-4.314613e+02
1.63605000000e+02	1.243012e+01	-4.236372e+02
1.66666000000e+02	1.265302e+01	-4.155989e+02
1.69783000000e+02	1.274992e+01	-4.085096e+02
1.72959000000e+02	1.222065e+01	-4.014894e+02
1.76195000000e+02	1.173230e+01	-3.938997e+02
1.79491000000e+02	1.187097e+01	-3.864616e+02
1.82849000000e+02	1.145531e+01	-3.798787e+02
1.86269000000e+02	1.146014e+01	-3.730258e+02
1.89754000000e+02	1.141533e+01	-3.659028e+02
1.93303000000e+02	1.132043e+01	-3.596623e+02
1.96919000000e+02	1.113822e+01	-3.528749e+02
2.00603000000e+02	1.119099e+01	-3.468984e+02
2.04356000000e+02	1.051009e+01	-3.402624e+02
2.08178000000e+02	1.105929e+01	-3.338532e+02
2.12073000000e+02	1.071746e+01	-3.282318e+02
2.16040000000e+02	1.039030e+01	-3.220690e+02
2.20081000000e+02	1.035756e+01	-3.160624e+02
2.24198000000e+02	1.039213e+01	-3.105074e+02
2.28392000000e+02	1.047091e+01	-3.046332e+02
2.32665000000e+02	1.001827e+01	-2.993398e+02
2.37017000000e+02	1.007657e+01	-2.939365e+02
2.41451000000e+02	9.894365e+00	-2.887875e+02
2.45968000000e+02	9.659637e+00	-2.832979e+02
2.50569000000e+02	9.608719e+00	-2.783835e+02
2.55256000000e+02	9.274378e+00	-2.730921e+02
2.60031000000e+02	9.360508e+00	-2.681820e+02
2.64896000000e+02	9.230898e+00	-2.632659e+02
2.69851000000e+02	9.397350e+00	-2.584255e+02
2.74899000000e+02	9.130131e+00	-2.540556e+02
2.80042000000e+02	9.026278e+00	-2.492459e+02
2.85280000000e+02	8.641018e+00	-2.449402e+02
2.90617000000e+02	8.841423e+00	-2.402758e+02
2.96053000000e+02	8.879513e+00	-2.363054e+02
3.01591000000e+02	8.602983e+00	-2.315681e+02
3.07233000000e+02	8.607935e+00	-2.277671e+02
3.12981000000e+02	8.539810e+00	-2.236476e+02
3.18835000000e+02	8.227776e+00	-2.193653e+02
3.24800000000e+02	7.719438e+00	-2.157349e+02
3.30876000000e+02	8.028025e+00	-2.117117e+02
3.37065000000e+02	8.150597e+00	-2.079430e+02
3.43371000000e+02	8.054008e+00	-2.040996e+02
3.49794000000e+02	7.787544e+00	-2.003603e+02
3.56338000000e+02	8.033966e+00	-1.965576e+02
3.63003000000e+02	7.619640e+00	-1.934577e+02
3.69794000000e+02	7.892780e+00	-1.895850e+02
3.76712000000e+02	7.652573e+00	-1.864294e+02
3.83759000000e+02	7.425066e+00	-1.830209e+02
3.90938000000e+02	7.452107e+00	-1.796328e+02
3.98251000000e+02	7.409766e+00	-1.764651e+02
4.05701000000e+02	7.238900e+00	-1.731090e+02
4.13290000000e+02	7.352255e+00	-1.701494e+02
4.21021000000e+02	7.429030e+00	-1.670181e+02
4.28897000000e+02	7.287916e+00	-1.639522e+02
4.36920000000e+02	7.230483e+00	-1.609371e+02
4.45094000000e+02	7.011542e+00	-1.581030e+02
4.53420000000e+02	6.827091e+00	-1.552510e+02
4.61902000000e+02	6.993391e+00	-1.524825e+02
4.70543000000e+02	6.977695e+00	-1.496524e+02
4.79345000000e+02	7.143554e+00	-1.471686e+02
4.88312000000e+02	6.736286e+00	-1.444554e+02
4.97447000000e+02	6.613582e+00	-1.418099e+02
5.06752000000e+02	6.842056e+00	-1.390637e+02
5.16232000000e+02	6.775908e+00	-1.367687e+02
5.25889000000e+02	6.673831e+00	-1.342235e+02
5.35727000000e+02	6.564867e+00	-1.316808e+02
5.45748000000e+02	6.395351e+00	-1.293213e+02
5.55957000000e+02	6.494273e+00	-1.271416e+02
5.66358000000e+02	6.380073e+00	-1.247646e+02
5.76952000000e+02	6.232059e+00	-1.226133e+02
5.87745000000e+02	6.382394e+00	-1.201784e+02
5.98740000000e+02	6.289304e+00	-1.182476e+02
6.09940000000e+02	6.053151e+00	-1.161549e+02
6.21350000000e+02	6.101480e+00	-1.140610e+02
6.32974000000e+02	5.974352e+00	-1.119169e+02
6.44815000000e+02	5.888747e+00	-1.099089e+02
6.56877000000e+02	5.981602e+00	-1.078928e+02
6.69165000000e+02	5.976183e+00	-1.059692e+02
6.81683000000e+02	5.933627e+00	-1.040423e+02
6.94435000000e+02	5.681414e+00	-1.021120e+02
7.07425000000e+02	5.774180e+00	-1.004544e+02
7.20659000000e+02	5.540627e+00	-9.866560e+01
7.34140000000e+02	5.675666e+00	-9.656110e+01
7.47874000000e+02	5.579517e+00	-9.520865e+01
7.61864000000e+02	5.587142e+00	-9.333029e+01
7.76116000000e+02	5.558714e+00	-9.166864e+01
7.90634000000e+02	5.581878e+00	-9.019414e+01
8.05425000000e+02	5.385540e+00	-8.839438e+01
8.20491000000e+02	5.627400e+00	-8.680948e+01
8.35840000000e+02	5.464531e+00	-8.541133e+01
8.51476000000e+02	5.354383e+00	-8.396246e+01
8.67404000000e+02	5.432112e+00	-8.226033e+01
8.83630000000e+02	5.355407e+00	-8.082811e+01
9.00160000000e+02	5.302844e+00	-7.935085e+01
9.16999000000e+02	5.303655e+00	-7.782259e+01
9.34153000000e+02	5.209729e+00	-7.652251e+01
9.51628000000e+02	5.128598e+00	-7.513446e+01
9.69430000000e+02	4.916366e+00	-7.392767e+01
9.87565000000e+02	5.211181e+00	-7.256276e+01
1.00603900000e+03	5.130303e+00	-7.130089e+01
1.02485900000e+03	5.015647e+00	-7.004800e+01
1.04403000000e+03	5.081431e+00	-6.864423e+01
1.06356100000e+03	4.965600e+00	-6.745207e+01
1.08345700000e+03	4.891340e+00	-6.623840e+01
1.10372400000e+03	5.033113e+00	-6.502611e+01
1.12437200000e+03	4.784406e+00	-6.392796e+01
1.14540500000e+03	4.803322e+00	-6.279705e+01
1.16683200000e+03	4.847452e+00	-6.158403e+01
1.18865900000e+03	4.734220e+00	-6.046302e+01
1.21089500000e+03	4.732512e+00	-5.949161e+01
1.23354700000e+03	4.666171e+00	-5.845181e+01
1.25662300000e+03	4.544690e+00	-5.741129e+01
1.28013000000e+03	4.537808e+00	-5.628924e+01
1.30407700000e+03	4.517292e+00	-5.533613e+01
1.32847200000e+03	4.511022e+00	-5.441787e+01
1.35332300000e+03	4.435542e+00	-5.341147e+01
1.37863900000e+03	4.399367e+00	-5.250191e+01
1.40442900000e+03	4.400238e+00	-5.152725e+01
1.43070100000e+03	4.430669e+00	-5.061977e+01
1.45746500000e+03	4.409231e+00	-4.981146e+01
1.48472900000e+03	4.308466e+00	-4.889589e+01
1.51250400000e+03	4.273032e+00	-4.800005e+01
1.54079800000e+03	4.270147e+00	-4.713569e+01
1.56962100000e+03	4.214035e+00	-4.631123e+01
1.59898400000e+03	4.272061e+00	-4.539437e+01
1.62889500000e+03	4.149722e+00	-4.462513e+01
1.65936700000e+03	3.978898e+00	-4.380088e+01
1.69040800000e+03	4.096082e+00	-4.315166e+01
1.72203000000e+03	4.138506e+00	-4.244508e+01
1.75424300000e+03	4.021775e+00	-4.164731e+01
1.78705900000e+03	4.049809e+00	-4.100698e+01
1.82048900000e+03	3.919190e+00	-4.019611e+01
1.85454500000e+03	3.928429e+00	-3.948786e+01
1.88923700000e+03	3.994047e+00	-3.871323e+01
1.92457900000e+03	3.851801e+00	-3.816280e+01
1.96058100000e+03	3.933660e+00	-3.748556e+01
1.99725700000e+03	3.917372e+00	-3.679634e+01
2.03461900000e+03	3.880650e+00	-3.606602e+01
2.07268000000e+03	3.803126e+00	-3.547228e+01
2.11145300000e+03	3.822536e+00	-3.479994e+01
2.15095200000e+03	3.775278e+00	-3.416813e+01
2.19118900000e+03	3.792442e+00	-3.364485e+01
2.23217900000e+03	3.763572e+00	-3.304358e+01
2.27393600000e+03	3.734972e+00	-3.249168e+01
2.31647300000e+03	3.650578e+00	-3.194790e+01
2.35980700000e+03	3.727496e+00	-3.138070e+01
2.40395100000e+03	3.606297e+00	-3.075705e+01
2.44892100000e+03	3.658818e+00	-3.018000e+01
2.49473200000e+03	3.622191e+00	-2.974416e+01
2.54140100000e+03	3.576980e+00	-2.928430e+01
2.58894200000e+03	3.530633e+00	-2.872815e+01
2.63737300000e+03	3.546344e+00	-2.822068e+01
2.68670900000e+03	3.540996e+00	-2.772302e+01
2.73696900000e+03	3.448895e+00	-2.720648e+01
2.78816800000e+03	3.452251e+00	-2.674659e+01
2.84032600000e+03	3.481560e+00	-2.624952e+01
2.89345900000e+03	3.343924e+00	-2.583954e+01
2.94758600000e+03	3.323698e+00	-2.539207e+01
3.00272600000e+03	3.357694e+00	-2.488993e+01
3.05889700000e+03	3.386083e+00	-2.447935e+01
3.11611900000e+03	3.295501e+00	-2.408918e+01
3.17441100000e+03	3.286237e+00	-2.371401e+01
3.23379400000e+03	3.241015e+00	-2.325590e+01
3.29428700000e+03	3.207600e+00	-2.277127e+01
3.35591300000e+03	3.209984e+00	-2.244462e+01
3.41869100000e+03	3.223417e+00	-2.208112e+01
3.48264300000e+03	3.170785e+00	-2.169865e+01
3.54779200000e+03	3.187063e+00	-2.129653e+01
3.61415900000e+03	3.123400e+00	-2.093510e+01
3.68176800000e+03	3.116964e+00	-2.059908e+01
3.75064200000e+03	3.087911e+00	-2.030313e+01
3.82080400000e+03	3.015275e+00	-1.986681e+01
3.89227900000e+03	3.025281e+00	-1.950265e+01
3.96509100000e+03	2.977814e+00	-1.915895e+01
4.03926400000e+03	3.016733e+00	-1.886510e+01
4.11482600000e+03	2.970064e+00	-1.854185e+01
4.19180100000e+03	2.946918e+00	-1.818106e+01
4.27021500000e+03	2.917214e+00	-1.791781e+01
4.35009700000e+03	2.890535e+00	-1.757488e+01
4.43147300000e+03	2.919569e+00	-1.727044e+01
4.51437100000e+03	2.873898e+00	-1.699262e+01
4.59882000000e+03	2.859560e+00	-1.666511e+01
4.68484900000e+03	2.855402e+00	-1.643152e+01
4.77248700000e+03	2.795294e+00	-1.606149e+01
4.86176500000e+03	2.763767e+00	-1.584900e+01
4.95271200000e+03	2.717998e+00	-1.558085e+01
5.04536100000e+03	2.704073e+00	-1.533674e+01
5.13974400000e+03	2.723916e+00	-1.506522e+01
5.23589100000e+03	2.710691e+00	-1.477884e+01
5.33383700000e+03	2.672284e+00	-1.456114e+01
5.43361600000e+03	2.698277e+00	-1.427469e+01
5.53526100000e+03	2.622549e+00	-1.405621e+01
5.63880800000e+03	2.603256e+00	-1.378153e+01
5.74429100000e+03	2.630975e+00	-1.358211e+01
5.85174800000e+03	2.584090e+00	-1.331619e+01
5.96121500000e+03	2.581557e+00	-1.313347e+01
6.07273000000e+03	2.558745e+00	-1.289011e+01
6.18633000000e+03	2.516831e+00	-1.271065e+01
6.30205600000e+03	2.516037e+00	-1.244596e+01
6.41994700000e+03	2.482580e+00	-1.221163e+01
6.54004300000e+03	2.502844e+00	-1.197530e+01
6.66238600000e+03	2.436764e+00	-1.179506e+01
6.78701700000e+03	2.440077e+00	-1.160075e+01
6.91398000000e+03	2.427718e+00	-1.136889e+01
7.04331800000e+03	2.377330e+00	-1.119914e+01
7.17507500000e+03	2.397848e+00	-1.103627e+01
7.30929700000e+03	2.391402e+00	-1.081741e+01
7.44603000000e+03	2.366740e+00	-1.062090e+01
7.58532000000e+03	2.348230e+00	-1.049165e+01
7.72721700000e+03	2.356304e+00	-1.025616e+01
7.87176800000e+03	2.278351e+00	-1.011120e+01
8.01902200000e+03	2.274320e+00	-9.943903e+00
8.16903200000e+03	2.308557e+00	-9.784227e+00
8.32184800000e+03	2.259197e+00	-9.611620e+00
8.47752200000e+03	2.248690e+00	-9.437048e+00
8.63610900000e+03	2.266214e+00	-9.282867e+00
8.79766200000e+03	2.245724e+00	-9.125427e+00
8.96223700000e+03	2.222128e+00	-8.972218e+00
9.12989100000e+03	2.208992e+00	-8.805046e+00
9.30068100000e+03	2.194189e+00	-8.649376e+00
9.47466600000e+03	2.169836e+00	-8.540936e+00
9.65190600000e+03	2.138490e+00	-8.355812e+00
9.83246100000e+03	2.168364e+00	-8.230274e+00
1.00163940000e+04	2.131397e+00	-8.090115e+00
1.02037680000e+04	2.121697e+00	-7.940205e+00
1.03946470000e+04	2.108036e+00	-7.805615e+00
1.05890970000e+04	2.084352e+00	-7.637163e+00
1.07871840000e+04	2.080224e+00	-7.536133e+00
1.09889770000e+04	2.098690e+00	-7.404686e+00
1.11945440000e+04	2.050886e+00	-7.281141e+00
1.14039570000e+04	2.032506e+00	-7.167878e+00
1.16172880000e+04	2.031919e+00	-7.023436e+00
1.18346090000e+04	2.039917e+00	-6.914375e+00
1.20559960000e+04	2.033735e+00	-6.825403e+00
1.22815240000e+04	1.992444e+00	-6.692627e+00
1.25112700000e+04	1.971559e+00	-6.563906e+00
1.27453150000e+04	1.978314e+00	-6.441635e+00
1.29837380000e+04	1.980727e+00	-6.338769e+00
1.32266210000e+04	1.953311e+00	-6.219890e+00
1.34740470000e+04	1.942714e+00	-6.139203e+00
1.37261030000e+04	1.949678e+00	-6.012569e+00
1.39828730000e+04	1.943512e+00	-5.921483e+00
1.42444460000e+04	1.909694e+00	-5.812368e+00
1.45109130000e+04	1.912139e+00	-5.724452e+00
1.47823640000e+04	1.917748e+00	-5.636810e+00
1.50588940000e+04	1.878166e+00	-5.535189e+00
1.53405960000e+04	1.871795e+00	-5.426450e+00
1.56275680000e+04	1.876684e+00	-5.355157e+00
1.59199080000e+04	1.867881e+00	-5.250415e+00
1.62177180000e+04	1.854830e+00	-5.172291e+00
1.65210980000e+04	1.848143e+00	-5.089404e+00
1.68301530000e+04	1.828122e+00	-4.987967e+00
1.71449900000e+04	1.842486e+00	-4.883118e+00
1.74657160000e+04	1.813825e+00	-4.816475e+00
1.77924420000e+04	1.800137e+00	-4.742160e+00
1.81252800000e+04	1.802910e+00	-4.652003e+00
1.84643440000e+04	1.786038e+00	-4.573150e+00
1.88097520000e+04	1.777940e+00	-4.510727e+00
1.91616200000e+04	1.769754e+00	-4.406628e+00
1.95200710000e+04	1.765376e+00	-4.338089e+00
1.98852270000e+04	1.754890e+00	-4.263775e+00
2.02572140000e+04	1.750752e+00	-4.205072e+00
2.06361600000e+04	1.733336e+00	-4.122026e+00
2.10221950000e+04	1.726422e+00	-4.053102e+00
2.14154510000e+04	1.727116e+00	-3.986933e+00
2.18160630000e+04	1.711871e+00	-3.915702e+00
2.22241700000e+04	1.718826e+00	-3.847904e+00
2.26399110000e+04	1.715024e+00	-3.784834e+00
2.30634290000e+04	1.697283e+00	-3.725317e+00
2.34948700000e+04	1.690569e+00	-3.648781e+00
2.39343820000e+04	1.680038e+00	-3.591600e+00
2.43821150000e+04	1.687992e+00	-3.527779e+00
2.48382240000e+04	1.662263e+00	-3.474744e+00
2.53028660000e+04	1.657377e+00	-3.413521e+00
2.57761990000e+04	1.663921e+00	-3.343705e+00
2.62583870000e+04	1.653211e+00	-3.295616e+00
2.67495950000e+04	1.646980e+00	-3.232827e+00
2.72499920000e+04	1.640153e+00	-3.178742e+00
2.77597490000e+04	1.646017e+00	-3.128379e+00
2.82790430000e+04	1.630425e+00	-3.081143e+00
2.88080510000e+04	1.616666e+00	-3.013634e+00
2.93469550000e+04	1.614503e+00	-2.966488e+00
2.98959390000e+04	1.612706e+00	-2.920423e+00
3.04551940000e+04	1.605576e+00	-2.860837e+00
3.10249110000e+04	1.603001e+00	-2.816006e+00
3.16052840000e+04	1.598084e+00	-2.771163e+00
3.21965150000e+04	1.589226e+00	-2.723684e+00
3.27988060000e+04	1.586136e+00	-2.668878e+00
3.34123640000e+04	1.587855e+00	-2.624079e+00
3.40373990000e+04	1.579923e+00	-2.586545e+00
3.46741270000e+04	1.569161e+00	-2.536903e+00
3.53227660000e+04	1.570781e+00	-2.495788e+00
3.59835380000e+04	1.565101e+00	-2.451055e+00
3.66566720000e+04	1.558410e+00	-2.408799e+00
3.73423970000e+04	1.557702e+00	-2.367449e+00
3.80409510000e+04	1.551644e+00	-2.322101e+00
3.87525720000e+04	1.550531e+00	-2.284958e+00
3.94775050000e+04	1.546816e+00	-2.246907e+00
4.02159990000e+04	1.541707e+00	-2.208576e+00
4.09683080000e+04	1.533361e+00	-2.168427e+00
4.17346900000e+04	1.530177e+00	-2.134744e+00
4.25154090000e+04	1.537382e+00	-2.091125e+00
4.33107320000e+04	1.525433e+00	-2.059539e+00
4.41209330000e+04	1.519056e+00	-2.022136e+00
4.49462910000e+04	1.512030e+00	-1.988690e+00
4.57870880000e+04	1.510604e+00	-1.957501e+00
4.66436130000e+04	1.512251e+00	-1.915656e+00
4.75161620000e+04	1.503630e+00	-1.882746e+00
4.84050330000e+04	1.499204e+00	-1.857177e+00
4.93105320000e+04	1.497844e+00	-1.821136e+00
5.02329690000e+04	1.495514e+00	-1.792058e+00
5.11726630000e+04	1.496560e+00	-1.756258e+00
5.21299350000e+04	1.492095e+00	-1.725543e+00
5.31051140000e+04	1.488063e+00	-1.697120e+00
5.40985360000e+04	1.482687e+00	-1.670172e+00
5.51105420000e+04	1.478375e+00	-1.639487e+00
5.61414780000e+04	1.477305e+00	-1.614492e+00
5.71917010000e+04	1.473477e+00	-1.584105e+00
5.82615690000e+04	1.475703e+00	-1.556035e+00
5.93514510000e+04	1.470481e+00	-1.529668e+00
6.04617220000e+04	1.467360e+00	-1.504877e+00
6.15927610000e+04	1.465914e+00	-1.473331e+00
6.27449590000e+04	1.464349e+00	-1.454728e+00
6.39187110000e+04	1.462515e+00	-1.425725e+00
6.51144190000e+04	1.460170e+00	-1.401051e+00
6.63324960000e+04	1.451684e+00	-1.375376e+00
6.75733580000e+04	1.452549e+00	-1.352974e+00
6.88374340000e+04	1.449230e+00	-1.328516e+00
7.01251550000e+04	1.451759e+00	-1.303234e+00
7.14369660000e+04	1.448812e+00	-1.283029e+00
7.27733170000e+04	1.443324e+00	-1.258786e+00
7.41346660000e+04	1.440875e+00	-1.238591e+00
7.55214810000e+04	1.440646e+00	-1.214739e+00
7.69342400000e+04	1.440915e+00	-1.193690e+00
7.83734260000e+04	1.436061e+00	-1.173530e+00
7.98395350000e+04	1.435682e+00	-1.153946e+00
8.13330690000e+04	1.431187e+00	-1.132993e+00
8.28545430000e+04	1.431435e+00	-1.111781e+00
8.44044790000e+04	1.430305e+00	-1.093100e+00
8.59834090000e+04	1.424478e+00	-1.073024e+00
8.75918760000e+04	1.424772e+00	-1.055686e+00
8.92304310000e+04	1.424443e+00	-1.033422e+00
9.08996390000e+04	1.424992e+00	-1.018871e+00
9.26000720000e+04	1.422614e+00	-1.000228e+00
9.43323140000e+04	1.416879e+00	-9.821621e-01
9.60969610000e+04	1.418996e+00	-9.649264e-01
9.78946190000e+04	1.418117e+00	-9.482006e-01
9.97259050000e+04	1.414634e+00	-9.309747e-01
1.01591449000e+05	1.411927e+00	-9.168674e-01
1.03491890000e+05	1.411995e+00	-9.029144e-01
1.05427883000e+05	1.411062e+00	-8.836211e-01
1.07400091000e+05	1.407169e+00	-8.687497e-01
1.09409193000e+05	1.407771e+00	-8.554928e-01
1.11455879000e+05	1.408919e+00	-8.393892e-01
1.13540852000e+05	1.407030e+00	-8.230393e-01
1.15664827000e+05	1.405393e+00	-8.049946e-01
1.17828536000e+05	1.401650e+00	-7.916502e-01
1.20032720000e+05	1.402845e+00	-7.791898e-01
1.22278137000e+05	1.398751e+00	-7.666537e-01
1.24565558000e+05	1.398517e+00	-7.481313e-01
1.26895769000e+05	1.396093e+00	-7.363603e-01
1.29269572000e+05	1.392751e+00	-7.271816e-01
1.31687780000e+05	1.392952e+00	-7.100496e-01
1.34151225000e+05	1.394235e+00	-6.990871e-01
1.36660752000e+05	1.393883e+00	-6.897897e-01
1.39217225000e+05	1.391072e+00	-6.749437e-01
1.41821521000e+05	1.389764e+00	-6.602294e-01
1.44474535000e+05	1.388326e+00	-6.511033e-01
1.47177178000e+05	1.387099e+00	-6.378946e-01
1.49930378000e+05	1.385525e+00	-6.272153e-01
1.52735082000e+05	1.385920e+00	-6.151723e-01
1.55592253000e+05	1.382307e+00	-6.047300e-01
1.58502871000e+05	1.384333e+00	-5.945947e-01
1.61467938000e+05	1.379639e+00	-5.819963e-01
1.64488472000e+05	1.382814e+00	-5.737430e-01
1.67565510000e+05	1.378603e+00	-5.600355e-01
1.70700109000e+05	1.378081e+00	-5.505010e-01
1.73893346000e+05	1.374282e+00	-5.418774e-01
1.77146318000e+05	1.375943e+00	-5.281935e-01
1.80460142000e+05	1.377217e+00	-5.220916e-01
1.83835957000e+05	1.374417e+00	-5.144055e-01
1.87274923000e+05	1.374081e+00	-5.019450e-01
1.90778220000e+05	1.373474e+00	-4.940567e-01
1.94347053000e+05	1.375028e+00	-4.853625e-01
1.97982646000e+05	1.368748e+00	-4.779649e-01
2.01686250000e+05	1.369683e+00	-4.670125e-01
2.05459135000e+05	1.369780e+00	-4.551770e-01
2.09302599000e+05	1.370095e+00	-4.484984e-01
2.13217962000e+05	1.366179e+00	-4.417483e-01
2.17206568000e+05	1.370106e+00	-4.329771e-01
2.21269788000e+05	1.366839e+00	-4.260656e-01
2.25409017000e+05	1.367569e+00	-4.179454e-01
2.29625678000e+05	1.365675e+00	-4.079061e-01
2.33921218000e+05	1.365729e+00	-4.002949e-01
2.38297114000e+05	1.363648e+00	-3.930034e-01
2.42754869000e+05	1.363439e+00	-3.863730e-01
2.47296013000e+05	1.365669e+00	-3.772705e-01
2.51922107000e+05	1.362525e+00	-3.749142e-01
2.56634741000e+05	1.362758e+00	-3.669608e-01
2.61435532000e+05	1.361858e+00	-3.570789e-01
2.66326130000e+05	1.361387e+00	-3.503217e-01
2.71308215000e+05	1.359774e+00	-3.445771e-01
2.76383499000e+05	1.358441e+00	-3.379217e-01
2.81553724000e+05	1.358944e+00	-3.312012e-01
2.86820667000e+05	1.357533e+00	-3.251641e-01
2.92186138000e+05	1.353055e+00	-3.187566e-01
2.97651978000e+05	1.357231e+00	-3.109288e-01
3.03220067000e+05	1.354975e+00	-3.058010e-01
3.08892316000e+05	1.354819e+00	-2.998250e-01
3.14670675000e+05	1.355164e+00	-2.911743e-01
3.20557127000e+05	1.359497e+00	-2.873249e-01
3.26553695000e+05	1.358463e+00	-2.773227e-01
3.32662440000e+05	1.362040e+00	-2.732952e-01
3.38885459000e+05	1.357781e+00	-2.669175e-01
3.45224890000e+05	1.355174e+00	-2.622972e-01
3.51682912000e+05	1.354346e+00	-2.587955e-01
3.58261741000e+05	1.357341e+00	-2.514662e-01
3.64963639000e+05	1.353374e+00	-2.424818e-01
3.71790907000e+05	1.353624e+00	-2.419240e-01
3.78745891000e+05	1.350097e+00	-2.343625e-01
3.85830980000e+05	1.357365e+00	-2.267919e-01
3.93048607000e+05	1.350691e+00	-2.253811e-01
4.00401253000e+05	1.352055e+00	-2.177350e-01
4.07891442000e+05	1.350073e+00	-2.113831e-01
4.15521748000e+05	1.351185e+00	-2.078636e-01
4.23294792000e+05	1.353553e+00	-1.987406e-01
4.31213244000e+05	1.352828e+00	-1.994513e-01
4.39279824000e+05	1.345923e+00	-1.911465e-01
4.47497303000e+05	1.349566e+00	-1.857571e-01
4.55868505000e+05	1.346227e+00	-1.868903e-01
4.64396304000e+05	1.346108e+00	-1.848049e-01
4.73083630000e+05	1.343833e+00	-1.766323e-01
4.81933467000e+05	1.345856e+00	-1.656947e-01
4.90948855000e+05	1.346365e+00	-1.634170e-01
5.00132892000e+05	1.344706e+00	-1.612269e-01
5.09488732000e+05	1.345243e+00	-1.556314e-01
5.19019589000e+05	1.345252e+00	-1.532671e-01
5.28728737000e+05	1.343760e+00	-1.477258e-01
5.38619511000e+05	1.345515e+00	-1.435180e-01
5.48695309000e+05	1.342442e+00	-1.411411e-01
5.58959592000e+05	1.345304e+00	-1.364215e-01
5.69415885000e+05	1.342168e+00	-1.308767e-01
5.80067782000e+05	1.344172e+00	-1.284516e-01
5.90918941000e+05	1.340375e+00	-1.211243e-01
6.01973089000e+05	1.340931e+00	-1.246851e-01
6.13234023000e+05	1.339259e+00	-1.180156e-01
6.24705613000e+05	1.338810e+00	-1.135758e-01
6.36391799000e+05	1.338537e+00	-1.058441e-01
6.48296594000e+05	1.338166e+00	-1.037824e-01
6.60424089000e+05	1.342374e+00	-1.007341e-01
6.72778450000e+05	1.341888e+00	-9.766839e-02
6.85363919000e+05	1.345437e+00	-9.320845e-02
6.98184822000e+05	1.340780e+00	-8.974302e-02
7.11245562000e+05	1.335910e+00	-8.387919e-02
7.24550625000e+05	1.336084e+00	-8.133702e-02
7.38104581000e+05	1.340093e+00	-7.819712e-02
7.51912088000e+05	1.339914e+00	-7.320458e-02
7.65977888000e+05	1.336006e+00	-6.660929e-02
7.80306813000e+05	1.339068e+00	-6.676367e-02
7.94903784000e+05	1.337094e+00	-6.108301e-02
8.09773817000e+05	1.342486e+00	-5.789375e-02
8.24922019000e+05	1.336479e+00	-5.486458e-02
8.40353595000e+05	1.334313e+00	-5.278013e-02
8.56073844000e+05	1.331725e+00	-4.797496e-02
8.72088167000e+05	1.339509e+00	-4.299164e-02
8.88402066000e+05	1.337557e+00	-3.665706e-02
9.05021144000e+05	1.337914e+00	-3.342962e-02
9.21951110000e+05	1.340891e+00	-3.018980e-02
9.39197780000e+05	1.337356e+00	-3.041748e-02
9.56767078000e+05	1.335701e+00	-2.456434e-02
9.74665041000e+05	1.340017e+00	-2.009222e-02
9.92897815000e+05	1.338180e+00	-1.693712e-02
1.01147166400e+06	1.340299e+00	-1.476968e-02
1.03039296900e+06	1.335065e+00	-9.314751e-03
1.04966822900e+06	1.336998e+00	-2.941852e-03
1.06930406600e+06	1.339037e+00	4.220335e-04
1.08930722500e+06	1.341855e+00	-8.041549e-03
1.10968457700e+06	1.338838e+00	-2.192328e-03
1.13044312200e+06	1.340377e+00	-6.177456e-03
1.15158999200e+06	1.334731e+00	4.942264e-03
1.17313244900e+06	1.337435e+00	1.879741e-02
1.19507789500e+06	1.332630e+00	1.399590e-02
1.21743386800e+06	1.334325e+00	1.771622e-02
1.24020804800e+06	1.336980e+00	2.319240e-02
1.26340825800e+06	1.338416e+00	2.583233e-02
1.28704246700e+06	1.341054e+00	2.936823e-02
1.31111879400e+06	1.341660e+00	4.170758e-02
1.33564551100e+06	1.339288e+00	3.983873e-02
1.36063104100e+06	1.337455e+00	4.314598e-02
1.38608396800e+06	1.339873e+00	4.974002e-02
1.41201303600e+06	1.333481e+00	5.317131e-02
1.43842715200e+06	1.334823e+00	5.586627e-02
1.46533538800e+06	1.335207e+00	6.154772e-02
1.49274698900e+06	1.336527e+00	6.578736e-02
1.52067137100e+06	1.337256e+00	6.376952e-02
1.54911812600e+06	1.336900e+00	7.168928e-02
1.57809702700e+06	1.341511e+00	7.669812e-02
1.60761802700e+06	1.335501e+00	7.527927e-02
1.63769126700e+06	1.336528e+00	8.524905e-02
1.66832708000e+06	1.340441e+00	8.517669e-02
1.69953598700e+06	1.340598e+00	8.349353e-02
1.73132871000e+06	1.344218e+00	8.869310e-02
1.76371617100e+06	1.343699e+00	9.320341e-02
1.79670949400e+06	1.340497e+00	9.892909e-02
1.83032001300e+06	1.345104e+00	1.008268e-01
1.86455927500e+06	1.342927e+00	1.122349e-01
1.89943904100e+06	1.341313e+00	1.128426e-01
1.93497129200e+06	1.345939e+00	1.183755e-01
1.97116823500e+06	1.336819e+00	1.245729e-01
2.00804230300e+06	1.339473e+00	1.221085e-01
2.04560616400e+06	1.347151e+00	1.319536e-01
2.08387272100e+06	1.345826e+00	1.342522e-01
2.12285511900e+06	1.340438e+00	1.409408e-01
2.16256675000e+06	1.340830e+00	1.442074e-01
2.20302125400e+06	1.355436e+00	1.509836e-01
2.24423252900e+06	1.347416e+00	1.532857e-01
2.28621473200e+06	1.346754e+00	1.560720e-01
2.32898228300e+06	1.346341e+00	1.586106e-01
2.37254987400e+06	1.348433e+00	1.639639e-01
2.41693247200e+06	1.351217e+00	1.676518e-01
2.46214532100e+06	1.347380e+00	1.734284e-01
2.50820395400e+06	1.349598e+00	1.729051e-01
2.55512419300e+06	1.358834e+00	1.796630e-01
2.60292215500e+06	1.345765e+00	1.871198e-01
2.65161425900e+06	1.351176e+00	1.905781e-01
2.70121723300e+06	1.359308e+00	2.007327e-01
2.75174811400e+06	1.353351e+00	2.009521e-01
2.80322426300e+06	1.356443e+00	2.077688e-01
2.85566336000e+06	1.357582e+00	2.098091e-01
2.90908342000e+06	1.353538e+00	2.191452e-01
2.96350279400e+06	1.356309e+00	2.215906e-01
3.01894017500e+06	1.354728e+00	2.289095e-01
3.07541460700e+06	1.357017e+00	2.267506e-01
3.13294549000e+06	1.359407e+00	2.364275e-01
3.19155258600e+06	1.363209e+00	2.426543e-01
3.25125602800e+06	1.360990e+00	2.498126e-01
3.31207632400e+06	1.361723e+00	2.523867e-01
3.37403436900e+06	1.366078e+00	2.611349e-01
3.43715144400e+06	1.363371e+00	2.645657e-01
3.50144923200e+06	1.367291e+00	2.674242e-01
3.56694982000e+06	1.364497e+00	2.711668e-01
3.63367570800e+06	1.365331e+00	2.771894e-01
3.70164981800e+06	1.366268e+00	2.824922e-01
3.77089550000e+06	1.368979e+00	2.866611e-01
3.84143654100e+06	1.368290e+00	2.961931e-01
3.91329717200e+06	1.366774e+00	3.002980e-01
3.98650207900e+06	1.367736e+00	3.076058e-01
4.06107640900e+06	1.368092e+00	3.158737e-01
4.13704577900e+06	1.367438e+00	3.239346e-01
4.21443628600e+06	1.369769e+00	3.289623e-01
4.29327451400e+06	1.370139e+00	3.348751e-01
4.37358754600e+06	1.371392e+00	3.414952e-01
4.45540297100e+06	1.375484e+00	3.497353e-01
4.53874889300e+06	1.376266e+00	3.539220e-01
4.62365394300e+06	1.376775e+00	3.626258e-01
4.71014728600e+06	1.378180e+00	3.695518e-01
4.79825863600e+06	1.377926e+00	3.770603e-01
4.88801825800e+06	1.377972e+00	3.832512e-01
4.97945698800e+06	1.380132e+00	3.871553e-01
5.07260623500e+06	1.385451e+00	3.930987e-01
5.16749799800e+06	1.387521e+00	4.029142e-01
5.26416487400e+06	1.387981e+00	4.098868e-01
5.36264006800e+06	1.386363e+00	4.202696e-01
5.46295740900e+06	1.388251e+00	4.276997e-01
5.56515135800e+06	1.386042e+00	4.341800e-01
5.66925701900e+06	1.390079e+00	4.446204e-01
5.77531015400e+06	1.389993e+00	4.498120e-01
5.88334719300e+06	1.389000e+00	4.626963e-01
5.99340525100e+06	1.390770e+00	4.701964e-01
6.10552213200e+06	1.395283e+00	4.774739e-01
6.21973635100e+06	1.394857e+00	4.831382e-01
6.33608714200e+06	1.394821e+00	4.911401e-01
6.45461447300e+06	1.395589e+00	5.027148e-01
6.57535906100e+06	1.397926e+00	5.105132e-01
6.69836238200e+06	1.397814e+00	5.184239e-01
6.82366669000e+06	1.401489e+00	5.277902e-01
6.95131503000e+06	1.402993e+00	5.373266e-01
7.08135124900e+06	1.404395e+00	5.456244e-01
7.21382001800e+06	1.405565e+00	5.550070e-01
7.34876684200e+06	1.405958e+00	5.641040e-01
7.48623807700e+06	1.408612e+00	5.757558e-01
7.62628094600e+06	1.408608e+00	5.856432e-01
7.76894355600e+06	1.409164e+00	5.981522e-01
7.91427491300e+06	1.408200e+00	6.059915e-01
8.06232494200e+06	1.411776e+00	6.163512e-01
8.21314450000e+06	1.412922e+00	6.302981e-01
8.36678539400e+06	1.416151e+00	6.403849e-01
8.52330040500e+06	1.416547e+00	6.482824e-01
8.68274329600e+06	1.418419e+00	6.639135e-01
8.84516883800e+06	1.414285e+00	6.761229e-01
9.01063282800e+06	1.424028e+00	6.861622e-01
9.17919210400e+06	1.423568e+00	6.948653e-01
9.35090456900e+06	1.418660e+00	7.062116e-01
9.52582920900e+06	1.423233e+00	7.181348e-01
9.70402611300e+06	1.425788e+00	7.330881e-01
9.88555649500e+06	1.427356e+00	7.448430e-01
1.00704827130e+07	1.427732e+00	7.578114e-01
1.02588682910e+07	1.425003e+00	7.736189e-01
1.04507779430e+07	1.432642e+00	7.877058e-01
1.06462775940e+07	1.434902e+00	8.010870e-01
1.08454343980e+07	1.432694e+00	8.156135e-01
1.10483167720e+07	1.433863e+00	8.286840e-01
1.12549944060e+07	1.437143e+00	8.419286e-01
1.14655382990e+07	1.440021e+00	8.570938e-01
1.16800207740e+07	1.442680e+00	8.684753e-01
1.18985155110e+07	1.442966e+00	8.869629e-01
1.21210975650e+07	1.442801e+00	9.063493e-01
1.23478433960e+07	1.448947e+00	9.154068e-01
1.25788308950e+07	1.449446e+00	9.364696e-01
1.28141394100e+07	1.449058e+00	9.512054e-01
1.30538497730e+07	1.454081e+00	9.647348e-01
1.32980443270e+07	1.453931e+00	9.874474e-01
1.35468069580e+07	1.453291e+00	1.007823e+00
1.38002231190e+07	1.456484e+00	1.021876e+00
1.40583798610e+07	1.450759e+00	1.043948e+00
1.43213658660e+07	1.455828e+00	1.057962e+00
1.45892714740e+07	1.467042e+00	1.070770e+00
1.48621887140e+07	1.461813e+00	1.093531e+00
1.51402113360e+07	1.464470e+00	1.110629e+00
1.54234348470e+07	1.468212e+00	1.131180e+00
1.57119565370e+07	1.467780e+00	1.149986e+00
1.60058755190e+07	1.467815e+00	1.169436e+00
1.63052927560e+07	1.471024e+00	1.193159e+00
1.66103111050e+07	1.472878e+00	1.213876e+00
1.69210353420e+07	1.474671e+00	1.231363e+00
1.72375722070e+07	1.474298e+00	1.251987e+00
1.75600304350e+07	1.478639e+00	1.274648e+00
1.78885207950e+07	1.484708e+00	1.296982e+00
1.82231561280e+07	1.483832e+00	1.319350e+00
1.85640513860e+07	1.483853e+00	1.343060e+00
1.89113236730e+07	1.488398e+00	1.365372e+00
1.92650922800e+07	1.487677e+00	1.391717e+00
1.96254787340e+07	1.491163e+00	1.417943e+00
1.99926068310e+07	1.497519e+00	1.436622e+00
2.03666026870e+07	1.495910e+00	1.457677e+00
2.07475947740e+07	1.499911e+00	1.486874e+00
2.11357139690e+07	1.501581e+00	1.514540e+00
2.15310935960e+07	1.502159e+00	1.535664e+00
2.19338694740e+07	1.506919e+00	1.569415e+00
2.23441799630e+07	1.510024e+00	1.590955e+00
2.27621660100e+07	1.517170e+00	1.625131e+00
2.31879712010e+07	1.508592e+00	1.651576e+00
2.36217418040e+07	1.507987e+00	1.680589e+00
2.40636268280e+07	1.517496e+00	1.710373e+00
2.45137780650e+07	1.525082e+00	1.742827e+00
2.49723501510e+07	1.522060e+00	1.772024e+00
2.54395006100e+07	1.527498e+00	1.796929e+00
2.59153899160e+07	1.531196e+00	1.830375e+00
2.64001815450e+07	1.531480e+00	1.866806e+00
2.68940420290e+07	1.538815e+00	1.897534e+00
2.73971410170e+07	1.542572e+00	1.932787e+00
2.79096513310e+07	1.540836e+00	1.968266e+00
2.84317490250e+07	1.540694e+00	1.998285e+00
2.89636134490e+07	1.543016e+00	2.038091e+00
2.95054273050e+07	1.542759e+00	2.068208e+00
3.00573767140e+07	1.544612e+00	2.107573e+00
3.06196512800e+07	1.549363e+00	2.143790e+00
3.11924441520e+07	1.556211e+00	2.184541e+00
3.17759520930e+07	1.562717e+00	2.222898e+00
3.23703755460e+07	1.562704e+00	2.258914e+00
3.29759187060e+07	1.568186e+00	2.300919e+00
3.35927895840e+07	1.568372e+00	2.343258e+00
3.42212000850e+07	1.575751e+00	2.379178e+00
3.48613660790e+07	1.576732e+00	2.424237e+00
3.55135074700e+07	1.581877e+00	2.469352e+00
3.61778482800e+07	1.582171e+00	2.513677e+00
3.68546167200e+07	1.586928e+00	2.553007e+00
3.75440452690e+07	1.586852e+00	2.602476e+00
3.82463707560e+07	1.583913e+00	2.649878e+00
3.89618344410e+07	1.597111e+00	2.699192e+00
3.96906820970e+07	1.602720e+00	2.746560e+00
4.04331640920e+07	1.606102e+00	2.793097e+00
4.11895354820e+07	1.607769e+00	2.843358e+00
4.19600560900e+07	1.611147e+00	2.886021e+00
4.27449906010e+07	1.616582e+00	2.942486e+00
4.35446086540e+07	1.625049e+00	2.994620e+00
4.43591849280e+07	1.626687e+00	3.052306e+00
4.51889992420e+07	1.622948e+00	3.102903e+00
4.60343366500e+07	1.631748e+00	3.156139e+00
4.68954875380e+07	1.640491e+00	3.216497e+00
4.77727477250e+07	1.647010e+00	3.271276e+00
4.86664185610e+07	1.647563e+00	3.330297e+00
4.95768070360e+07	1.646943e+00	3.399215e+00
5.05042258830e+07	1.659842e+00	3.449480e+00
5.14489936840e+07	1.672934e+00	3.509707e+00
5.24114349790e+07	1.669255e+00	3.569673e+00
5.33918803830e+07	1.671243e+00	3.636208e+00
5.43906666920e+07	1.683505e+00	3.704566e+00
5.54081370050e+07	1.684734e+00	3.766547e+00
5.64446408380e+07	1.695214e+00	3.834859e+00
5.75005342460e+07	1.701596e+00	3.911467e+00
5.85761799430e+07	1.708221e+00	3.972744e+00
5.96719474300e+07	1.711402e+00	4.048244e+00
6.07882131190e+07	1.717974e+00	4.114016e+00
6.19253604650e+07	1.727296e+00	4.191087e+00
6.30837800930e+07	1.735380e+00	4.265260e+00
6.42638699390e+07	1.746096e+00	4.342631e+00
6.54660353810e+07	1.749313e+00	4.418118e+00
6.66906893810e+07	1.749926e+00	4.492442e+00
6.79382526260e+07	1.763986e+00	4.575329e+00
6.92091536720e+07	1.767853e+00	4.654460e+00
7.05038290920e+07	1.776670e+00	4.734263e+00
7.18227236270e+07	1.788460e+00	4.821321e+00
7.31662903370e+07	1.802300e+00	4.907110e+00
7.45349907570e+07	1.809048e+00	4.994840e+00
7.59292950560e+07	1.814196e+00	5.079677e+00
7.73496821980e+07	1.828605e+00	5.170565e+00
7.87966401080e+07	1.836849e+00	5.264945e+00
8.02706658360e+07	1.845912e+00	5.354610e+00
8.17722657330e+07	1.863632e+00	5.451321e+00
8.33019556210e+07	1.872358e+00	5.547877e+00
8.48602609700e+07	1.884174e+00	5.649921e+00
8.64477170830e+07	1.898956e+00	5.746001e+00
8.80648692730e+07	1.903818e+00	5.853554e+00
8.97122730570e+07	1.920554e+00	5.948073e+00
9.13904943420e+07	1.938891e+00	6.055073e+00
9.31001096230e+07	1.955185e+00	6.165426e+00
9.48417061770e+07	1.962072e+00	6.268045e+00
9.66158822700e+07	1.982918e+00	6.384132e+00
9.84232473560e+07	1.985342e+00	6.493706e+00
1.00264422293e+08	2.006944e+00	6.604736e+00
1.02140039551e+08	2.018653e+00	6.715080e+00
1.04050743434e+08	2.037994e+00	6.828474e+00
1.05997190296e+08	2.053872e+00	6.954016e+00
1.07980048771e+08	2.060498e+00	7.073246e+00
1.10000000000e+08	2.078472e+00	7.200743e+00


"TRACE: B"

"Frequency"	"Data Trace Real"	"Data Trace Imag"
4.00000000000e+01	1.351612e-05	5.869757e-04
4.07480000000e+01	1.444742e-05	5.978091e-04
4.15110000000e+01	1.388462e-05	6.091024e-04
4.22870000000e+01	1.478357e-05	6.203879e-04
4.30780000000e+01	1.498010e-05	6.318972e-04
4.38840000000e+01	1.506934e-05	6.436160e-04
4.47050000000e+01	1.544582e-05	6.556913e-04
4.55410000000e+01	1.601877e-05	6.677926e-04
4.63930000000e+01	1.607102e-05	6.804034e-04
4.72610000000e+01	1.619286e-05	6.921522e-04
4.81450000000e+01	1.726288e-05	7.054576e-04
4.90460000000e+01	1.730558e-05	7.184194e-04
4.99630000000e+01	1.769615e-05	7.317570e-04
5.08980000000e+01	1.770764e-05	7.456416e-04
5.18500000000e+01	1.821065e-05	7.588738e-04
5.28200000000e+01	1.869491e-05	7.729945e-04
5.38080000000e+01	1.866262e-05	7.880447e-04
5.48150000000e+01	1.855702e-05	8.018822e-04
5.58400000000e+01	2.027222e-05	8.177566e-04
5.68850000000e+01	1.921111e-05	8.321780e-04
5.79490000000e+01	2.011463e-05	8.476262e-04
5.90330000000e+01	2.099513e-05	8.625628e-04
6.01370000000e+01	2.068089e-05	8.783904e-04
6.12620000000e+01	2.191009e-05	8.948173e-04
6.24080000000e+01	2.247601e-05	9.118519e-04
6.35750000000e+01	2.357861e-05	9.289765e-04
6.47650000000e+01	2.216856e-05	9.452921e-04
6.59760000000e+01	2.284673e-05	9.623395e-04
6.72100000000e+01	2.418766e-05	9.804867e-04
6.84680000000e+01	2.469154e-05	9.997690e-04
6.97490000000e+01	2.495237e-05	1.017346e-03
7.10530000000e+01	2.569340e-05	1.036334e-03
7.23820000000e+01	2.588009e-05	1.055286e-03
7.37360000000e+01	2.543190e-05	1.074496e-03
7.51160000000e+01	2.658539e-05	1.094336e-03
7.65210000000e+01	2.743300e-05	1.114816e-03
7.79520000000e+01	2.851207e-05	1.135128e-03
7.94110000000e+01	2.850193e-05	1.156086e-03
8.08960000000e+01	2.919035e-05	1.177604e-03
8.24100000000e+01	3.109319e-05	1.200466e-03
8.39510000000e+01	3.121418e-05	1.220742e-03
8.55220000000e+01	3.281387e-05	1.243729e-03
8.71210000000e+01	3.303463e-05	1.266760e-03
8.87510000000e+01	3.316253e-05	1.289469e-03
9.04110000000e+01	3.325123e-05	1.314032e-03
9.21030000000e+01	3.460555e-05	1.337632e-03
9.38260000000e+01	3.473283e-05	1.363037e-03
9.55810000000e+01	3.605226e-05	1.389114e-03
9.73690000000e+01	3.610018e-05	1.415050e-03
9.91900000000e+01	3.794283e-05	1.439621e-03
1.01046000000e+02	3.866207e-05	1.466766e-03
1.02936000000e+02	4.005900e-05	1.493018e-03
1.04862000000e+02	4.001321e-05	1.521880e-03
1.06823000000e+02	4.224027e-05	1.548773e-03
1.08822000000e+02	4.265997e-05	1.578229e-03
1.10857000000e+02	4.267084e-05	1.607225e-03
1.12931000000e+02	4.392591e-05	1.636173e-03
1.15044000000e+02	4.547825e-05	1.666023e-03
1.17196000000e+02	4.676555e-05	1.697758e-03
1.19388000000e+02	4.824051e-05	1.727597e-03
1.21621000000e+02	4.949875e-05	1.760709e-03
1.23897000000e+02	5.104748e-05	1.792793e-03
1.26214000000e+02	5.022902e-05	1.827260e-03
1.28575000000e+02	5.215203e-05	1.861914e-03
1.30980000000e+02	5.319713e-05	1.895233e-03
1.33431000000e+02	5.280238e-05	1.928888e-03
1.35927000000e+02	5.536664e-05	1.966263e-03
1.38469000000e+02	5.604209e-05	1.999374e-03
1.41060000000e+02	5.870505e-05	2.037321e-03
1.43699000000e+02	5.940071e-05	2.074968e-03
1.46387000000e+02	6.007082e-05	2.112727e-03
1.49125000000e+02	6.197976e-05	2.152326e-03
1.51915000000e+02	6.387542e-05	2.193072e-03
1.54757000000e+02	6.579017e-05	2.232833e-03
1.57652000000e+02	6.652889e-05	2.274563e-03
1.60601000000e+02	6.918937e-05	2.315637e-03
1.63605000000e+02	6.920116e-05	2.358480e-03
1.66666000000e+02	7.318852e-05	2.403938e-03
1.69783000000e+02	7.632733e-05	2.445541e-03
1.72959000000e+02	7.574329e-05	2.488421e-03
1.76195000000e+02	7.554868e-05	2.536468e-03
1.79491000000e+02	7.940796e-05	2.585140e-03
1.82849000000e+02	7.930896e-05	2.630028e-03
1.86269000000e+02	8.228152e-05	2.678252e-03
1.89754000000e+02	8.517942e-05	2.730309e-03
1.93303000000e+02	8.742650e-05	2.777634e-03
1.96919000000e+02	8.935970e-05	2.831045e-03
2.00603000000e+02	9.289927e-05	2.879692e-03
2.04356000000e+02	9.069101e-05	2.936107e-03
2.08178000000e+02	9.911510e-05	2.992045e-03
2.12073000000e+02	9.937282e-05	3.043382e-03
2.16040000000e+02	1.000641e-04	3.101696e-03
2.20081000000e+02	1.035728e-04	3.160538e-03
2.24198000000e+02	1.076649e-04	3.216931e-03
2.28392000000e+02	1.126983e-04	3.278763e-03
2.32665000000e+02	1.116806e-04	3.336947e-03
2.37017000000e+02	1.164919e-04	3.398102e-03
2.41451000000e+02	1.185009e-04	3.458694e-03
2.45968000000e+02	1.202180e-04	3.525755e-03
2.50569000000e+02	1.238401e-04	3.587893e-03
2.55256000000e+02	1.242127e-04	3.657550e-03
2.60031000000e+02	1.299904e-04	3.724274e-03
2.64896000000e+02	1.330212e-04	3.793776e-03
2.69851000000e+02	1.405273e-04	3.864476e-03
2.74899000000e+02	1.412729e-04	3.931069e-03
2.80042000000e+02	1.451054e-04	4.006847e-03
2.85280000000e+02	1.438483e-04	4.077555e-03
2.90617000000e+02	1.529376e-04	4.156255e-03
2.96053000000e+02	1.587922e-04	4.225845e-03
3.01591000000e+02	1.602111e-04	4.312432e-03
3.07233000000e+02	1.656903e-04	4.384188e-03
3.12981000000e+02	1.704854e-04	4.464811e-03
3.18835000000e+02	1.707403e-04	4.552202e-03
3.24800000000e+02	1.656492e-04	4.629392e-03
3.30876000000e+02	1.788524e-04	4.716622e-03
3.37065000000e+02	1.882063e-04	4.801633e-03
3.43371000000e+02	1.930421e-04	4.891951e-03
3.49794000000e+02	1.936964e-04	4.983480e-03
3.56338000000e+02	2.075990e-04	5.079081e-03
3.63003000000e+02	2.032774e-04	5.161081e-03
3.69794000000e+02	2.192149e-04	5.265553e-03
3.76712000000e+02	2.198100e-04	5.354938e-03
3.83759000000e+02	2.213017e-04	5.454878e-03
3.90938000000e+02	2.305478e-04	5.557348e-03
3.98251000000e+02	2.375317e-04	5.656867e-03
4.05701000000e+02	2.411430e-04	5.766624e-03
4.13290000000e+02	2.534836e-04	5.866237e-03
4.21021000000e+02	2.657950e-04	5.975553e-03
4.28897000000e+02	2.705900e-04	6.087312e-03
4.36920000000e+02	2.785987e-04	6.201090e-03
4.45094000000e+02	2.799498e-04	6.312577e-03
4.53420000000e+02	2.827013e-04	6.428750e-03
4.61902000000e+02	3.001478e-04	6.544363e-03
4.70543000000e+02	3.108861e-04	6.667654e-03
4.79345000000e+02	3.290498e-04	6.778953e-03
4.88312000000e+02	3.221142e-04	6.907533e-03
4.97447000000e+02	3.281559e-04	7.036391e-03
5.06752000000e+02	3.529465e-04	7.173582e-03
5.16232000000e+02	3.613512e-04	7.293713e-03
5.25889000000e+02	3.695266e-04	7.431886e-03
5.35727000000e+02	3.776616e-04	7.575292e-03
5.45748000000e+02	3.814726e-04	7.713812e-03
5.55957000000e+02	4.007038e-04	7.844778e-03
5.66358000000e+02	4.087978e-04	7.994188e-03
5.76952000000e+02	4.134626e-04	8.134711e-03
5.87745000000e+02	4.406641e-04	8.297561e-03
5.98740000000e+02	4.485293e-04	8.432972e-03
6.09940000000e+02	4.474333e-04	8.585874e-03
6.21350000000e+02	4.676489e-04	8.742223e-03
6.32974000000e+02	4.756242e-04	8.909814e-03
6.44815000000e+02	4.860851e-04	9.072402e-03
6.56877000000e+02	5.122708e-04	9.240056e-03
6.69165000000e+02	5.305001e-04	9.406786e-03
6.81683000000e+02	5.463736e-04	9.580310e-03
6.94435000000e+02	5.432008e-04	9.762944e-03
7.07425000000e+02	5.703216e-04	9.921983e-03
7.20659000000e+02	5.673617e-04	1.010338e-02
7.34140000000e+02	6.066171e-04	1.032048e-02
7.47874000000e+02	6.134157e-04	1.046730e-02
7.61864000000e+02	6.391325e-04	1.067637e-02
7.76116000000e+02	6.590809e-04	1.086889e-02
7.90634000000e+02	6.835393e-04	1.104489e-02
8.05425000000e+02	6.867060e-04	1.127110e-02
8.20491000000e+02	7.436222e-04	1.147127e-02
8.35840000000e+02	7.460154e-04	1.166032e-02
8.51476000000e+02	7.564434e-04	1.186184e-02
8.67404000000e+02	7.992784e-04	1.210375e-02
8.83630000000e+02	8.161411e-04	1.231786e-02
9.00160000000e+02	8.384372e-04	1.254623e-02
9.16999000000e+02	8.716688e-04	1.279033e-02
9.34153000000e+02	8.855814e-04	1.300776e-02
9.51628000000e+02	9.042771e-04	1.324775e-02
9.69430000000e+02	8.955991e-04	1.346718e-02
9.87565000000e+02	9.846331e-04	1.371046e-02
1.00603900000e+03	1.003947e-03	1.395284e-02
1.02485900000e+03	1.016985e-03	1.420311e-02
1.04403000000e+03	1.072518e-03	1.448847e-02
1.06356100000e+03	1.085510e-03	1.474543e-02
1.08345700000e+03	1.108783e-03	1.501510e-02
1.10372400000e+03	1.183224e-03	1.528686e-02
1.12437200000e+03	1.164181e-03	1.555548e-02
1.14540500000e+03	1.210960e-03	1.583169e-02
1.16683200000e+03	1.270266e-03	1.613799e-02
1.18865900000e+03	1.287106e-03	1.643826e-02
1.21089500000e+03	1.328742e-03	1.670339e-02
1.23354700000e+03	1.357081e-03	1.699977e-02
1.25662300000e+03	1.370240e-03	1.730971e-02
1.28013000000e+03	1.422925e-03	1.765068e-02
1.30407700000e+03	1.465467e-03	1.795174e-02
1.32847200000e+03	1.512926e-03	1.825090e-02
1.35332300000e+03	1.544162e-03	1.859434e-02
1.37863900000e+03	1.584897e-03	1.891412e-02
1.40442900000e+03	1.645306e-03	1.926670e-02
1.43070100000e+03	1.715989e-03	1.960493e-02
1.45746500000e+03	1.763253e-03	1.991962e-02
1.48472900000e+03	1.788212e-03	2.029405e-02
1.51250400000e+03	1.840029e-03	2.066951e-02
1.54079800000e+03	1.906310e-03	2.104265e-02
1.56962100000e+03	1.948697e-03	2.141571e-02
1.59898400000e+03	2.054963e-03	2.183577e-02
1.62889500000e+03	2.065954e-03	2.221678e-02
1.65936700000e+03	2.056970e-03	2.264374e-02
1.69040800000e+03	2.180107e-03	2.296714e-02
1.72203000000e+03	2.275515e-03	2.333799e-02
1.75424300000e+03	2.297274e-03	2.378931e-02
1.78705900000e+03	2.385084e-03	2.415054e-02
1.82048900000e+03	2.402809e-03	2.464375e-02
1.85454500000e+03	2.494678e-03	2.507606e-02
1.88923700000e+03	2.636914e-03	2.555891e-02
1.92457900000e+03	2.618072e-03	2.593928e-02
1.96058100000e+03	2.768934e-03	2.638638e-02
1.99725700000e+03	2.860823e-03	2.687205e-02
2.03461900000e+03	2.949231e-03	2.740959e-02
2.07268000000e+03	2.988125e-03	2.787066e-02
2.11145300000e+03	3.118789e-03	2.839310e-02
2.15095200000e+03	3.194748e-03	2.891405e-02
2.19118900000e+03	3.308251e-03	2.934933e-02
2.23217900000e+03	3.402737e-03	2.987550e-02
2.27393600000e+03	3.491740e-03	3.037572e-02
2.31647300000e+03	3.530558e-03	3.089754e-02
2.35980700000e+03	3.732562e-03	3.142335e-02
2.40395100000e+03	3.760471e-03	3.207195e-02
2.44892100000e+03	3.958819e-03	3.265459e-02
2.49473200000e+03	4.034359e-03	3.312874e-02
2.54140100000e+03	4.109746e-03	3.364599e-02
2.58894200000e+03	4.214314e-03	3.429114e-02
2.63737300000e+03	4.383703e-03	3.488413e-02
2.68670900000e+03	4.533319e-03	3.549208e-02
2.73696900000e+03	4.585763e-03	3.617462e-02
2.78816800000e+03	4.746678e-03	3.677527e-02
2.84032600000e+03	4.965441e-03	3.743736e-02
2.89345900000e+03	4.925767e-03	3.806293e-02
2.94758600000e+03	5.068125e-03	3.871898e-02
3.00272600000e+03	5.323058e-03	3.945879e-02
3.05889700000e+03	5.544556e-03	4.008381e-02
3.11611900000e+03	5.574740e-03	4.074977e-02
3.17441100000e+03	5.733605e-03	4.137461e-02
3.23379400000e+03	5.878422e-03	4.218061e-02
3.29428700000e+03	6.065583e-03	4.306057e-02
3.35591300000e+03	6.244314e-03	4.366105e-02
3.41869100000e+03	6.473163e-03	4.434260e-02
3.48264300000e+03	6.593639e-03	4.512229e-02
3.54779200000e+03	6.873120e-03	4.592743e-02
3.61415900000e+03	6.971345e-03	4.672658e-02
3.68176800000e+03	7.181324e-03	4.745921e-02
3.75064200000e+03	7.321622e-03	4.813994e-02
3.82080400000e+03	7.467577e-03	4.920181e-02
3.89227900000e+03	7.766978e-03	5.007027e-02
3.96509100000e+03	7.921134e-03	5.096377e-02
4.03926400000e+03	8.265182e-03	5.168623e-02
4.11482600000e+03	8.422811e-03	5.258287e-02
4.19180100000e+03	8.686940e-03	5.359424e-02
4.27021500000e+03	8.851899e-03	5.436921e-02
4.35009700000e+03	9.111752e-03	5.540079e-02
4.43147300000e+03	9.516447e-03	5.629365e-02
4.51437100000e+03	9.676148e-03	5.721258e-02
4.59882000000e+03	1.000185e-02	5.828938e-02
4.68484900000e+03	1.026576e-02	5.907470e-02
4.77248700000e+03	1.051712e-02	6.043036e-02
4.86176500000e+03	1.067796e-02	6.123345e-02
4.95271200000e+03	1.086546e-02	6.228594e-02
5.04536100000e+03	1.114954e-02	6.323708e-02
5.13974400000e+03	1.162177e-02	6.427675e-02
5.23589100000e+03	1.200685e-02	6.546203e-02
5.33383700000e+03	1.219286e-02	6.643828e-02
5.43361600000e+03	1.278516e-02	6.763734e-02
5.53526100000e+03	1.282703e-02	6.874970e-02
5.63880800000e+03	1.323415e-02	7.006103e-02
5.74429100000e+03	1.374626e-02	7.096349e-02
5.85174800000e+03	1.404409e-02	7.237122e-02
5.96121500000e+03	1.440983e-02	7.330889e-02
6.07273000000e+03	1.481595e-02	7.463783e-02
6.18633000000e+03	1.499049e-02	7.570589e-02
6.30205600000e+03	1.560504e-02	7.719269e-02
6.41994700000e+03	1.598703e-02	7.863905e-02
6.54004300000e+03	1.672220e-02	8.001029e-02
6.66238600000e+03	1.679817e-02	8.131089e-02
6.78701700000e+03	1.736323e-02	8.254920e-02
6.91398000000e+03	1.796372e-02	8.412331e-02
7.04331800000e+03	1.813753e-02	8.544239e-02
7.17507500000e+03	1.879943e-02	8.652576e-02
7.30929700000e+03	1.948425e-02	8.813621e-02
7.44603000000e+03	1.998850e-02	8.969975e-02
7.58532000000e+03	2.031537e-02	9.076695e-02
7.72721700000e+03	2.127762e-02	9.261396e-02
7.87176800000e+03	2.120832e-02	9.412137e-02
8.01902200000e+03	2.185717e-02	9.556507e-02
8.16903200000e+03	2.284331e-02	9.681550e-02
8.32184800000e+03	2.317429e-02	9.859364e-02
8.47752200000e+03	2.389313e-02	1.002720e-01
8.63610900000e+03	2.481962e-02	1.016662e-01
8.79766200000e+03	2.542808e-02	1.033262e-01
8.96223700000e+03	2.600850e-02	1.050137e-01
9.12989100000e+03	2.680540e-02	1.068464e-01
9.30068100000e+03	2.755613e-02	1.086248e-01
9.47466600000e+03	2.794172e-02	1.099846e-01
9.65190600000e+03	2.874595e-02	1.123203e-01
9.83246100000e+03	2.993357e-02	1.136163e-01
1.00163940000e+04	3.045166e-02	1.155849e-01
1.02037680000e+04	3.141001e-02	1.175483e-01
1.03946470000e+04	3.224705e-02	1.194041e-01
1.05890970000e+04	3.325875e-02	1.218616e-01
1.07871840000e+04	3.403473e-02	1.232993e-01
1.09889770000e+04	3.543057e-02	1.250076e-01
1.11945440000e+04	3.584140e-02	1.272456e-01
1.14039570000e+04	3.661542e-02	1.291287e-01
1.16172880000e+04	3.801011e-02	1.313839e-01
1.18346090000e+04	3.925193e-02	1.330459e-01
1.20559960000e+04	4.009555e-02	1.345644e-01
1.22815240000e+04	4.086136e-02	1.372534e-01
1.25112700000e+04	4.197315e-02	1.397411e-01
1.27453150000e+04	4.356714e-02	1.418600e-01
1.29837380000e+04	4.491112e-02	1.437256e-01
1.32266210000e+04	4.595761e-02	1.463419e-01
1.34740470000e+04	4.685308e-02	1.480612e-01
1.37261030000e+04	4.880023e-02	1.504939e-01
1.39828730000e+04	5.003738e-02	1.524536e-01
1.42444460000e+04	5.101964e-02	1.552840e-01
1.45109130000e+04	5.249433e-02	1.571545e-01
1.47823640000e+04	5.409515e-02	1.590011e-01
1.50588940000e+04	5.497209e-02	1.620095e-01
1.53405960000e+04	5.680719e-02	1.646875e-01
1.56275680000e+04	5.828274e-02	1.663110e-01
1.59199080000e+04	6.014588e-02	1.690637e-01
1.62177180000e+04	6.143248e-02	1.713077e-01
1.65210980000e+04	6.303854e-02	1.735951e-01
1.68301530000e+04	6.477684e-02	1.767413e-01
1.71449900000e+04	6.764001e-02	1.792654e-01
1.74657160000e+04	6.847623e-02	1.818334e-01
1.77924420000e+04	6.996646e-02	1.843149e-01
1.81252800000e+04	7.243041e-02	1.868903e-01
1.84643440000e+04	7.409829e-02	1.897287e-01
1.88097520000e+04	7.563215e-02	1.918827e-01
1.91616200000e+04	7.847995e-02	1.954124e-01
1.95200710000e+04	8.048005e-02	1.977651e-01
1.98852270000e+04	8.254648e-02	2.005594e-01
2.02572140000e+04	8.438266e-02	2.026759e-01
2.06361600000e+04	8.668607e-02	2.061471e-01
2.10221950000e+04	8.895338e-02	2.088349e-01
2.14154510000e+04	9.148557e-02	2.111884e-01
2.18160630000e+04	9.373325e-02	2.144037e-01
2.22241700000e+04	9.677675e-02	2.166524e-01
2.26399110000e+04	9.932798e-02	2.192038e-01
2.30634290000e+04	1.012774e-01	2.222908e-01
2.34948700000e+04	1.045392e-01	2.256286e-01
2.39343820000e+04	1.068582e-01	2.284425e-01
2.43821150000e+04	1.103656e-01	2.306561e-01
2.48382240000e+04	1.120353e-01	2.341951e-01
2.53028660000e+04	1.151035e-01	2.370661e-01
2.57761990000e+04	1.192860e-01	2.397094e-01
2.62583870000e+04	1.216116e-01	2.424282e-01
2.67495950000e+04	1.251151e-01	2.455862e-01
2.72499920000e+04	1.281920e-01	2.484459e-01
2.77597490000e+04	1.317222e-01	2.503479e-01
2.82790430000e+04	1.341722e-01	2.535560e-01
2.88080510000e+04	1.382286e-01	2.576725e-01
2.93469550000e+04	1.415402e-01	2.600660e-01
2.98959390000e+04	1.449012e-01	2.623993e-01
3.04551940000e+04	1.491857e-01	2.658212e-01
3.10249110000e+04	1.526740e-01	2.682038e-01
3.16052840000e+04	1.561664e-01	2.708008e-01
3.21965150000e+04	1.598160e-01	2.738997e-01
3.27988060000e+04	1.645585e-01	2.768909e-01
3.34123640000e+04	1.687937e-01	2.789474e-01
3.40373990000e+04	1.719855e-01	2.815633e-01
3.46741270000e+04	1.763470e-01	2.851048e-01
3.53227660000e+04	1.806262e-01	2.869940e-01
3.59835380000e+04	1.850611e-01	2.898183e-01
3.66566720000e+04	1.893352e-01	2.926513e-01
3.73423970000e+04	1.939551e-01	2.947797e-01
3.80409510000e+04	1.989350e-01	2.977147e-01
3.87525720000e+04	2.033436e-01	2.996596e-01
3.94775050000e+04	2.078710e-01	3.019537e-01
4.02159990000e+04	2.125124e-01	3.044351e-01
4.09683080000e+04	2.173972e-01	3.074357e-01
4.17346900000e+04	2.218107e-01	3.094472e-01
4.25154090000e+04	2.282220e-01	3.104242e-01
4.33107320000e+04	2.322294e-01	3.135408e-01
4.41209330000e+04	2.374800e-01	3.161285e-01
4.49462910000e+04	2.422689e-01	3.186429e-01
4.57870880000e+04	2.470836e-01	3.201809e-01
4.66436130000e+04	2.538765e-01	3.216000e-01
4.75161620000e+04	2.589949e-01	3.242962e-01
4.84050330000e+04	2.631698e-01	3.260081e-01
4.93105320000e+04	2.693930e-01	3.275381e-01
5.02329690000e+04	2.745054e-01	3.289366e-01
5.11726630000e+04	2.810899e-01	3.298675e-01
5.21299350000e+04	2.867292e-01	3.315898e-01
5.31051140000e+04	2.920893e-01	3.331247e-01
5.40985360000e+04	2.972606e-01	3.348490e-01
5.51105420000e+04	3.033491e-01	3.364078e-01
5.61414780000e+04	3.084780e-01	3.371241e-01
5.71917010000e+04	3.148103e-01	3.384462e-01
5.82615690000e+04	3.208786e-01	3.383460e-01
5.93514510000e+04	3.266140e-01	3.397602e-01
6.04617220000e+04	3.321472e-01	3.406394e-01
6.15927610000e+04	3.393627e-01	3.410797e-01
6.27449590000e+04	3.436994e-01	3.414413e-01
6.39187110000e+04	3.505850e-01	3.417659e-01
6.51144190000e+04	3.565705e-01	3.421337e-01
6.63324960000e+04	3.630076e-01	3.439262e-01
6.75733580000e+04	3.686262e-01	3.433563e-01
6.88374340000e+04	3.749411e-01	3.437102e-01
7.01251550000e+04	3.814373e-01	3.424135e-01
7.14369660000e+04	3.868430e-01	3.425776e-01
7.27733170000e+04	3.935202e-01	3.432062e-01
7.41346660000e+04	3.991090e-01	3.430782e-01
7.55214810000e+04	4.056956e-01	3.420785e-01
7.69342400000e+04	4.115568e-01	3.409441e-01
7.83734260000e+04	4.175271e-01	3.411976e-01
7.98395350000e+04	4.231586e-01	3.401189e-01
8.13330690000e+04	4.295318e-01	3.400369e-01
8.28545430000e+04	4.357404e-01	3.384354e-01
8.44044790000e+04	4.413649e-01	3.373098e-01
8.59834090000e+04	4.478762e-01	3.373739e-01
8.75918760000e+04	4.531071e-01	3.357303e-01
8.92304310000e+04	4.599429e-01	3.336850e-01
9.08996390000e+04	4.643634e-01	3.320203e-01
9.26000720000e+04	4.703966e-01	3.307319e-01
9.43323140000e+04	4.767124e-01	3.304509e-01
9.60969610000e+04	4.818923e-01	3.276898e-01
9.78946190000e+04	4.873019e-01	3.258264e-01
9.97259050000e+04	4.932642e-01	3.246186e-01
1.01591449000e+05	4.981777e-01	3.235032e-01
1.03491890000e+05	5.026710e-01	3.214380e-01
1.05427883000e+05	5.090628e-01	3.187802e-01
1.07400091000e+05	5.145323e-01	3.176589e-01
1.09409193000e+05	5.187669e-01	3.152512e-01
1.11455879000e+05	5.238343e-01	3.120838e-01
1.13540852000e+05	5.295306e-01	3.097478e-01
1.15664827000e+05	5.357663e-01	3.068814e-01
1.17828536000e+05	5.408992e-01	3.054991e-01
1.20032720000e+05	5.447707e-01	3.025849e-01
1.22278137000e+05	5.497670e-01	3.013267e-01
1.24565558000e+05	5.559488e-01	2.974027e-01
1.26895769000e+05	5.603869e-01	2.955725e-01
1.29269572000e+05	5.641983e-01	2.945785e-01
1.31687780000e+05	5.698345e-01	2.904700e-01
1.34151225000e+05	5.731426e-01	2.873809e-01
1.36660752000e+05	5.762895e-01	2.851879e-01
1.39217225000e+05	5.818850e-01	2.823287e-01
1.41821521000e+05	5.870554e-01	2.788899e-01
1.44474535000e+05	5.904292e-01	2.769022e-01
1.47177178000e+05	5.950781e-01	2.736626e-01
1.49930378000e+05	5.989962e-01	2.711605e-01
1.52735082000e+05	6.027807e-01	2.675580e-01
1.55592253000e+05	6.072149e-01	2.656437e-01
1.58502871000e+05	6.098596e-01	2.619451e-01
1.61467938000e+05	6.153270e-01	2.595738e-01
1.64488472000e+05	6.169542e-01	2.559802e-01
1.67565510000e+05	6.226230e-01	2.529307e-01
1.70700109000e+05	6.257864e-01	2.499824e-01
1.73893346000e+05	6.297452e-01	2.483076e-01
1.77146318000e+05	6.334308e-01	2.431599e-01
1.80460142000e+05	6.348653e-01	2.406723e-01
1.83835957000e+05	6.381849e-01	2.388547e-01
1.87274923000e+05	6.420798e-01	2.345486e-01
1.90778220000e+05	6.446653e-01	2.318947e-01
1.94347053000e+05	6.466827e-01	2.282684e-01
1.97982646000e+05	6.511890e-01	2.273943e-01
2.01686250000e+05	6.540575e-01	2.230100e-01
2.05459135000e+05	6.574469e-01	2.184691e-01
2.09302599000e+05	6.592349e-01	2.157995e-01
2.13217962000e+05	6.626835e-01	2.142760e-01
2.17206568000e+05	6.635990e-01	2.097087e-01
2.21269788000e+05	6.668220e-01	2.078591e-01
2.25409017000e+05	6.687631e-01	2.043820e-01
2.29625678000e+05	6.722644e-01	2.007951e-01
2.33921218000e+05	6.742837e-01	1.976325e-01
2.38297114000e+05	6.770884e-01	1.951368e-01
2.42754869000e+05	6.789190e-01	1.923929e-01
2.47296013000e+05	6.803222e-01	1.879412e-01
2.51922107000e+05	6.822742e-01	1.877356e-01
2.56634741000e+05	6.841945e-01	1.842385e-01
2.61435532000e+05	6.870567e-01	1.801461e-01
2.66326130000e+05	6.889262e-01	1.772793e-01
2.71308215000e+05	6.910409e-01	1.751150e-01
2.76383499000e+05	6.932404e-01	1.724485e-01
2.81553724000e+05	6.946064e-01	1.692891e-01
2.86820667000e+05	6.966614e-01	1.668684e-01
2.92186138000e+05	7.002072e-01	1.649568e-01
2.97651978000e+05	7.000539e-01	1.603758e-01
3.03220067000e+05	7.022520e-01	1.584896e-01
3.08892316000e+05	7.036451e-01	1.557185e-01
3.14670675000e+05	7.053549e-01	1.515545e-01
3.20557127000e+05	7.041150e-01	1.488122e-01
3.26553695000e+05	7.066752e-01	1.442638e-01
3.32662440000e+05	7.057775e-01	1.416152e-01
3.38885459000e+05	7.090927e-01	1.393960e-01
3.45224890000e+05	7.112669e-01	1.376674e-01
3.51682912000e+05	7.123532e-01	1.361202e-01
3.58261741000e+05	7.122870e-01	1.319610e-01
3.64963639000e+05	7.159123e-01	1.282688e-01
3.71790907000e+05	7.158908e-01	1.279463e-01
3.78745891000e+05	7.190210e-01	1.248144e-01
3.85830980000e+05	7.167132e-01	1.197502e-01
3.93048607000e+05	7.203062e-01	1.201929e-01
4.00401253000e+05	7.209188e-01	1.160968e-01
4.07891442000e+05	7.229773e-01	1.131978e-01
4.15521748000e+05	7.229810e-01	1.112220e-01
4.23294792000e+05	7.232050e-01	1.061873e-01
4.31213244000e+05	7.234668e-01	1.066628e-01
4.39279824000e+05	7.282954e-01	1.034317e-01
4.47497303000e+05	7.272020e-01	1.000936e-01
4.55868505000e+05	7.287716e-01	1.011719e-01
4.64396304000e+05	7.291397e-01	1.001024e-01
4.73083630000e+05	7.315025e-01	9.614810e-02
4.81933467000e+05	7.319273e-01	9.011103e-02
4.90948855000e+05	7.319573e-01	8.884237e-02
5.00132892000e+05	7.331184e-01	8.789909e-02
5.09488732000e+05	7.335424e-01	8.486364e-02
5.19019589000e+05	7.338296e-01	8.360658e-02
5.28728737000e+05	7.352943e-01	8.083433e-02
5.38619511000e+05	7.348490e-01	7.838190e-02
5.48695309000e+05	7.367669e-01	7.746185e-02
5.58959592000e+05	7.357607e-01	7.461035e-02
5.69415885000e+05	7.380455e-01	7.196788e-02
5.80067782000e+05	7.372198e-01	7.045007e-02
5.90918941000e+05	7.400169e-01	6.687234e-02
6.01973089000e+05	7.393582e-01	6.874848e-02
6.13234023000e+05	7.409279e-01	6.529063e-02
6.24705613000e+05	7.415951e-01	6.291205e-02
6.36391799000e+05	7.424423e-01	5.870827e-02
6.48296594000e+05	7.428232e-01	5.761014e-02
6.60424089000e+05	7.407772e-01	5.558920e-02
6.72778450000e+05	7.412915e-01	5.395439e-02
6.85363919000e+05	7.397028e-01	5.124472e-02
6.98184822000e+05	7.425079e-01	4.969860e-02
7.11245562000e+05	7.456142e-01	4.681567e-02
7.24550625000e+05	7.456926e-01	4.539567e-02
7.38104581000e+05	7.436846e-01	4.339549e-02
7.51912088000e+05	7.440955e-01	4.065275e-02
7.65977888000e+05	7.466437e-01	3.722544e-02
7.80306813000e+05	7.449362e-01	3.714126e-02
7.94903784000e+05	7.463332e-01	3.409506e-02
8.09773817000e+05	7.435042e-01	3.206309e-02
8.24922019000e+05	7.469757e-01	3.066452e-02
8.40353595000e+05	7.482787e-01	2.959895e-02
8.56073844000e+05	7.499326e-01	2.701608e-02
8.72088167000e+05	7.457741e-01	2.393568e-02
8.88402066000e+05	7.470706e-01	2.047420e-02
9.05021144000e+05	7.469661e-01	1.866398e-02
9.21951110000e+05	7.453948e-01	1.678236e-02
9.39197780000e+05	7.473574e-01	1.699826e-02
9.56767078000e+05	7.484177e-01	1.376385e-02
9.74665041000e+05	7.460914e-01	1.118690e-02
9.92897815000e+05	7.471642e-01	9.456733e-03
1.01147166400e+06	7.460116e-01	8.220820e-03
1.03039296900e+06	7.489910e-01	5.225712e-03
1.04966822900e+06	7.479407e-01	1.645725e-03
1.06930406600e+06	7.468055e-01	-2.353759e-04
1.08930722500e+06	7.452102e-01	4.465940e-03
1.10968457700e+06	7.469144e-01	1.223062e-03
1.13044312200e+06	7.460431e-01	3.438324e-03
1.15158999200e+06	7.492042e-01	-2.774165e-03
1.17313244900e+06	7.475519e-01	-1.050670e-02
1.19507789500e+06	7.503130e-01	-7.880134e-03
1.21743386800e+06	7.493107e-01	-9.948818e-03
1.24020804800e+06	7.477294e-01	-1.297075e-02
1.26340825800e+06	7.468739e-01	-1.441517e-02
1.28704246700e+06	7.453249e-01	-1.632215e-02
1.31111879400e+06	7.446259e-01	-2.314785e-02
1.33564551100e+06	7.460055e-01	-2.219084e-02
1.36063104100e+06	7.469112e-01	-2.409517e-02
1.38608396800e+06	7.453123e-01	-2.766818e-02
1.41201303600e+06	7.487264e-01	-2.985476e-02
1.43842715200e+06	7.478529e-01	-3.129984e-02
1.46533538800e+06	7.473598e-01	-3.445032e-02
1.49274698900e+06	7.463995e-01	-3.673974e-02
1.52067137100e+06	7.461035e-01	-3.557933e-02
1.54911812600e+06	7.458543e-01	-3.999532e-02
1.57809702700e+06	7.429996e-01	-4.247947e-02
1.60761802700e+06	7.464112e-01	-4.207357e-02
1.63769126700e+06	7.451755e-01	-4.753023e-02
1.66832708000e+06	7.430232e-01	-4.721452e-02
1.69953598700e+06	7.430537e-01	-4.627799e-02
1.73132871000e+06	7.407025e-01	-4.887245e-02
1.76371617100e+06	7.406507e-01	-5.137398e-02
1.79670949400e+06	7.419512e-01	-5.475624e-02
1.83032001300e+06	7.392828e-01	-5.541541e-02
1.86455927500e+06	7.394770e-01	-6.180166e-02
1.89943904100e+06	7.402985e-01	-6.228020e-02
1.93497129200e+06	7.372725e-01	-6.484320e-02
1.97116823500e+06	7.416047e-01	-6.910726e-02
2.00804230300e+06	7.404090e-01	-6.749687e-02
2.04560616400e+06	7.352532e-01	-7.201813e-02
2.08387272100e+06	7.357172e-01	-7.339112e-02
2.12285511900e+06	7.378672e-01	-7.758326e-02
2.16256675000e+06	7.372783e-01	-7.929489e-02
2.20302125400e+06	7.287278e-01	-8.117380e-02
2.24423252900e+06	7.326788e-01	-8.335147e-02
2.28621473200e+06	7.326860e-01	-8.490913e-02
2.32898228300e+06	7.325866e-01	-8.630506e-02
2.37254987400e+06	7.307963e-01	-8.886182e-02
2.41693247200e+06	7.288532e-01	-9.043220e-02
2.46214532100e+06	7.300853e-01	-9.397314e-02
2.50820395400e+06	7.289959e-01	-9.339604e-02
2.55512419300e+06	7.232811e-01	-9.563117e-02
2.60292215500e+06	7.289785e-01	-1.013597e-01
2.65161425900e+06	7.256597e-01	-1.023515e-01
2.70121723300e+06	7.199682e-01	-1.063197e-01
2.75174811400e+06	7.229670e-01	-1.073496e-01
2.80322426300e+06	7.203223e-01	-1.103331e-01
2.85566336000e+06	7.194208e-01	-1.111838e-01
2.90908342000e+06	7.199327e-01	-1.165611e-01
2.96350279400e+06	7.181267e-01	-1.173259e-01
3.01894017500e+06	7.176654e-01	-1.212645e-01
3.07541460700e+06	7.168944e-01	-1.197894e-01
3.13294549000e+06	7.140172e-01	-1.241815e-01
3.19155258600e+06	7.110340e-01	-1.265656e-01
3.25125602800e+06	7.108109e-01	-1.304708e-01
3.31207632400e+06	7.099745e-01	-1.315893e-01
3.37403436900e+06	7.062166e-01	-1.349980e-01
3.43715144400e+06	7.068585e-01	-1.371678e-01
3.50144923200e+06	7.044261e-01	-1.377766e-01
3.56694982000e+06	7.050265e-01	-1.401100e-01
3.63367570800e+06	7.034297e-01	-1.428103e-01
3.70164981800e+06	7.019137e-01	-1.451290e-01
3.77089550000e+06	6.997878e-01	-1.465340e-01
3.84143654100e+06	6.981257e-01	-1.511229e-01
3.91329717200e+06	6.979569e-01	-1.533502e-01
3.98650207900e+06	6.959345e-01	-1.565167e-01
4.06107640900e+06	6.939514e-01	-1.602238e-01
4.13704577900e+06	6.924365e-01	-1.640324e-01
4.21443628600e+06	6.902398e-01	-1.657673e-01
4.29327451400e+06	6.887119e-01	-1.683278e-01
4.37358754600e+06	6.866108e-01	-1.709754e-01
4.45540297100e+06	6.828692e-01	-1.736286e-01
4.53874889300e+06	6.815329e-01	-1.752637e-01
4.62365394300e+06	6.792159e-01	-1.788972e-01
4.71014728600e+06	6.769230e-01	-1.815134e-01
4.79825863600e+06	6.751710e-01	-1.847560e-01
4.88801825800e+06	6.735982e-01	-1.873458e-01
4.97945698800e+06	6.717102e-01	-1.884284e-01
5.07260623500e+06	6.680087e-01	-1.895363e-01
5.16749799800e+06	6.646636e-01	-1.930079e-01
5.26416487400e+06	6.626794e-01	-1.956969e-01
5.36264006800e+06	6.606042e-01	-2.002592e-01
5.46295740900e+06	6.578865e-01	-2.026852e-01
5.56515135800e+06	6.570087e-01	-2.058091e-01
5.66925701900e+06	6.526172e-01	-2.087413e-01
5.77531015400e+06	6.512301e-01	-2.107428e-01
5.88334719300e+06	6.480330e-01	-2.158693e-01
5.99340525100e+06	6.452712e-01	-2.181555e-01
6.10552213200e+06	6.415696e-01	-2.195488e-01
6.21973635100e+06	6.401220e-01	-2.217198e-01
6.33608714200e+06	6.378528e-01	-2.245987e-01
6.45461447300e+06	6.342459e-01	-2.284661e-01
6.57535906100e+06	6.311690e-01	-2.304987e-01
6.69836238200e+06	6.288961e-01	-2.332462e-01
6.82366669000e+06	6.249020e-01	-2.353334e-01
6.95131503000e+06	6.215884e-01	-2.380596e-01
7.08135124900e+06	6.186677e-01	-2.403599e-01
7.21382001800e+06	6.154917e-01	-2.430356e-01
7.34876684200e+06	6.126364e-01	-2.458044e-01
7.48623807700e+06	6.082923e-01	-2.486333e-01
7.62628094600e+06	6.052919e-01	-2.516563e-01
7.76894355600e+06	6.013000e-01	-2.552356e-01
7.91427491300e+06	5.991695e-01	-2.578409e-01
8.06232494200e+06	5.949329e-01	-2.597349e-01
8.21314450000e+06	5.902855e-01	-2.633237e-01
8.36678539400e+06	5.862581e-01	-2.651066e-01
8.52330040500e+06	5.836918e-01	-2.671265e-01
8.68274329600e+06	5.783107e-01	-2.706875e-01
8.84516883800e+06	5.755339e-01	-2.751438e-01
9.01063282800e+06	5.699135e-01	-2.746106e-01
9.17919210400e+06	5.672979e-01	-2.769068e-01
9.35090456900e+06	5.649036e-01	-2.812100e-01
9.52582920900e+06	5.600391e-01	-2.825844e-01
9.70402611300e+06	5.547189e-01	-2.852163e-01
9.88555649500e+06	5.506484e-01	-2.873470e-01
1.00704827130e+07	5.464591e-01	-2.900495e-01
1.02588682910e+07	5.420077e-01	-2.942503e-01
1.04507779430e+07	5.359792e-01	-2.946960e-01
1.06462775940e+07	5.313106e-01	-2.966237e-01
1.08454343980e+07	5.271447e-01	-3.000964e-01
1.10483167720e+07	5.227964e-01	-3.021440e-01
1.12549944060e+07	5.180343e-01	-3.034827e-01
1.14655382990e+07	5.127786e-01	-3.052034e-01
1.16800207740e+07	5.087786e-01	-3.062783e-01
1.18985155110e+07	5.029764e-01	-3.091697e-01
1.21210975650e+07	4.969788e-01	-3.121958e-01
1.23478433960e+07	4.932724e-01	-3.116365e-01
1.25788308950e+07	4.867394e-01	-3.144764e-01
1.28141394100e+07	4.822861e-01	-3.165872e-01
1.30538497730e+07	4.775206e-01	-3.168191e-01
1.32980443270e+07	4.706851e-01	-3.196690e-01
1.35468069580e+07	4.646425e-01	-3.222187e-01
1.38002231190e+07	4.601007e-01	-3.228089e-01
1.40583798610e+07	4.541386e-01	-3.267924e-01
1.43213658660e+07	4.495073e-01	-3.266607e-01
1.45892714740e+07	4.447252e-01	-3.245976e-01
1.48621887140e+07	4.386263e-01	-3.281210e-01
1.51402113360e+07	4.335099e-01	-3.287664e-01
1.54234348470e+07	4.274003e-01	-3.292893e-01
1.57119565370e+07	4.221586e-01	-3.307556e-01
1.60058755190e+07	4.167487e-01	-3.320318e-01
1.63052927560e+07	4.100370e-01	-3.325842e-01
1.66103111050e+07	4.043186e-01	-3.332201e-01
1.69210353420e+07	3.995414e-01	-3.336206e-01
1.72375722070e+07	3.940893e-01	-3.346639e-01
1.75600304350e+07	3.879821e-01	-3.344567e-01
1.78885207950e+07	3.820148e-01	-3.337128e-01
1.82231561280e+07	3.763737e-01	-3.346530e-01
1.85640513860e+07	3.704419e-01	-3.352931e-01
1.89113236730e+07	3.648419e-01	-3.346854e-01
1.92650922800e+07	3.584712e-01	-3.353488e-01
1.96254787340e+07	3.521770e-01	-3.348841e-01
1.99926068310e+07	3.477390e-01	-3.335981e-01
2.03666026870e+07	3.428965e-01	-3.341327e-01
2.07475947740e+07	3.362633e-01	-3.333405e-01
2.11357139690e+07	3.301210e-01	-3.329700e-01
2.15310935960e+07	3.255129e-01	-3.327734e-01
2.19338694740e+07	3.183273e-01	-3.315291e-01
2.23441799630e+07	3.138488e-01	-3.306698e-01
2.27621660100e+07	3.069421e-01	-3.287838e-01
2.31879712010e+07	3.015041e-01	-3.300807e-01
2.36217418040e+07	2.957762e-01	-3.296303e-01
2.40636268280e+07	2.902537e-01	-3.271456e-01
2.45137780650e+07	2.843540e-01	-3.249530e-01
2.49723501510e+07	2.789323e-01	-3.247407e-01
2.54395006100e+07	2.746210e-01	-3.230607e-01
2.59153899160e+07	2.688746e-01	-3.214097e-01
2.64001815450e+07	2.626718e-01	-3.201852e-01
2.68940420290e+07	2.578189e-01	-3.179201e-01
2.73971410170e+07	2.522523e-01	-3.160630e-01
2.79096513310e+07	2.466029e-01	-3.150110e-01
2.84317490250e+07	2.419857e-01	-3.138562e-01
2.89636134490e+07	2.361261e-01	-3.118868e-01
2.95054273050e+07	2.317294e-01	-3.106541e-01
3.00573767140e+07	2.262277e-01	-3.086803e-01
3.06196512800e+07	2.214527e-01	-3.064150e-01
3.11924441520e+07	2.163204e-01	-3.036610e-01
3.17759520930e+07	2.116540e-01	-3.010686e-01
3.23703755460e+07	2.071251e-01	-2.994026e-01
3.29759187060e+07	2.022570e-01	-2.967612e-01
3.35927895840e+07	1.972634e-01	-2.947254e-01
3.42212000850e+07	1.934985e-01	-2.921575e-01
3.48613660790e+07	1.885364e-01	-2.898762e-01
3.55135074700e+07	1.839385e-01	-2.871328e-01
3.61778482800e+07	1.793472e-01	-2.849381e-01
3.68546167200e+07	1.756192e-01	-2.825315e-01
3.75440452690e+07	1.707949e-01	-2.801078e-01
3.82463707560e+07	1.661918e-01	-2.780380e-01
3.89618344410e+07	1.623674e-01	-2.744085e-01
3.96906820970e+07	1.584921e-01	-2.716057e-01
4.04331640920e+07	1.547163e-01	-2.690598e-01
4.11895354820e+07	1.506868e-01	-2.664913e-01
4.19600560900e+07	1.474747e-01	-2.641688e-01
4.27449906010e+07	1.434213e-01	-2.610540e-01
4.35446086540e+07	1.399874e-01	-2.579671e-01
4.43591849280e+07	1.359801e-01	-2.551523e-01
4.51889992420e+07	1.323562e-01	-2.530510e-01
4.60343366500e+07	1.292595e-01	-2.500147e-01
4.68954875380e+07	1.258329e-01	-2.467194e-01
4.77727477250e+07	1.227840e-01	-2.438723e-01
4.86664185610e+07	1.193425e-01	-2.412325e-01
4.95768070360e+07	1.154366e-01	-2.382558e-01
5.05042258830e+07	1.132689e-01	-2.353953e-01
5.14489936840e+07	1.106675e-01	-2.321733e-01
5.24114349790e+07	1.074929e-01	-2.298717e-01
5.33918803830e+07	1.043545e-01	-2.270493e-01
5.43906666920e+07	1.016732e-01	-2.237327e-01
5.54081370050e+07	9.895527e-02	-2.212336e-01
5.64446408380e+07	9.642915e-02	-2.181389e-01
5.75005342460e+07	9.351996e-02	-2.149748e-01
5.85761799430e+07	9.134522e-02	-2.124381e-01
5.96719474300e+07	8.859487e-02	-2.095671e-01
6.07882131190e+07	8.643215e-02	-2.069783e-01
6.19253604650e+07	8.405839e-02	-2.039581e-01
6.30837800930e+07	8.184215e-02	-2.011537e-01
6.42638699390e+07	7.970385e-02	-1.982276e-01
6.54660353810e+07	7.747228e-02	-1.956663e-01
6.66906893810e+07	7.528418e-02	-1.932709e-01
6.79382526260e+07	7.336099e-02	-1.902797e-01
6.92091536720e+07	7.131514e-02	-1.877608e-01
7.05038290920e+07	6.948311e-02	-1.851505e-01
7.18227236270e+07	6.763268e-02	-1.823238e-01
7.31662903370e+07	6.595065e-02	-1.795633e-01
7.45349907570e+07	6.410272e-02	-1.769897e-01
7.59292950560e+07	6.235545e-02	-1.745928e-01
7.73496821980e+07	6.079434e-02	-1.719021e-01
7.87966401080e+07	5.907471e-02	-1.693254e-01
8.02706658360e+07	5.754224e-02	-1.669182e-01
8.17722657330e+07	5.615037e-02	-1.642458e-01
8.33019556210e+07	5.461210e-02	-1.618180e-01
8.48602609700e+07	5.311764e-02	-1.592796e-01
8.64477170830e+07	5.185209e-02	-1.568978e-01
8.80648692730e+07	5.024776e-02	-1.544937e-01
8.97122730570e+07	4.915913e-02	-1.522488e-01
9.13904943420e+07	4.796480e-02	-1.497920e-01
9.31001096230e+07	4.673538e-02	-1.473740e-01
9.48417061770e+07	4.548349e-02	-1.453018e-01
9.66158822700e+07	4.437139e-02	-1.428566e-01
9.84232473560e+07	4.305684e-02	-1.408314e-01
1.00264422293e+08	4.211812e-02	-1.386083e-01
1.02140039551e+08	4.105685e-02	-1.365763e-01
1.04050743434e+08	4.013263e-02	-1.344678e-01
1.05997190296e+08	3.906428e-02	-1.322642e-01
1.07980048771e+08	3.796302e-02	-1.303189e-01
1.10000000000e+08	3.700275e-02	-1.281938e-01
