4294A REV1.11
"DATE:     13 -100"


"MEASURE PARAMETER: IMPEDANCE - ADMITTANCE"
"ADAPTER: NONE"
"SWEEP TYPE: LOG FREQ"
"NUMBER of POINTS: 801"
"POINT DELAY TIME:  0 Sec"
"SWEEP DELAY TIME:  0 Sec"
"OSC LEVEL:  10 mVolt"
"DC BIAS:  5 Volt"
"BW: 2"
"SWEEP AVERAGING: OFF"
"POINT AVERAGING: OFF"


"TRACE: A"

"Frequency"	"Data Trace Real"	"Data Trace Imag"
4.00000000000e+01	3.977298e+01	-1.703087e+03
4.07480000000e+01	3.859689e+01	-1.671797e+03
4.15110000000e+01	3.705131e+01	-1.641707e+03
4.22870000000e+01	3.649777e+01	-1.612010e+03
4.30780000000e+01	3.662096e+01	-1.582966e+03
4.38840000000e+01	3.660965e+01	-1.553829e+03
4.47050000000e+01	3.618471e+01	-1.525764e+03
4.55410000000e+01	3.292728e+01	-1.499562e+03
4.63930000000e+01	3.504765e+01	-1.471249e+03
4.72610000000e+01	3.276129e+01	-1.443848e+03
4.81450000000e+01	3.242050e+01	-1.418789e+03
4.90460000000e+01	3.287940e+01	-1.392339e+03
4.99630000000e+01	3.184212e+01	-1.366908e+03
5.08980000000e+01	3.171978e+01	-1.342288e+03
5.18500000000e+01	3.141508e+01	-1.317354e+03
5.28200000000e+01	3.132549e+01	-1.293401e+03
5.38080000000e+01	3.068394e+01	-1.271692e+03
5.48150000000e+01	3.041180e+01	-1.247886e+03
5.58400000000e+01	2.844635e+01	-1.225489e+03
5.68850000000e+01	2.973433e+01	-1.203219e+03
5.79490000000e+01	2.922333e+01	-1.181800e+03
5.90330000000e+01	2.752156e+01	-1.159652e+03
6.01370000000e+01	2.678211e+01	-1.139038e+03
6.12620000000e+01	2.667294e+01	-1.117940e+03
6.24080000000e+01	2.682135e+01	-1.097944e+03
6.35750000000e+01	2.578259e+01	-1.078329e+03
6.47650000000e+01	2.577972e+01	-1.057518e+03
6.59760000000e+01	2.541157e+01	-1.037980e+03
6.72100000000e+01	2.493123e+01	-1.020567e+03
6.84680000000e+01	2.512601e+01	-1.002078e+03
6.97490000000e+01	2.408872e+01	-9.839897e+02
7.10530000000e+01	2.349337e+01	-9.660239e+02
7.23820000000e+01	2.290124e+01	-9.481215e+02
7.37360000000e+01	2.283325e+01	-9.312124e+02
7.51160000000e+01	2.215668e+01	-9.135316e+02
7.65210000000e+01	2.262193e+01	-8.975555e+02
7.79520000000e+01	2.171431e+01	-8.814586e+02
7.94110000000e+01	2.174439e+01	-8.653954e+02
8.08960000000e+01	2.082365e+01	-8.495748e+02
8.24100000000e+01	2.111000e+01	-8.343510e+02
8.39510000000e+01	2.000910e+01	-8.192772e+02
8.55220000000e+01	2.005543e+01	-8.047107e+02
8.71210000000e+01	1.981168e+01	-7.897577e+02
8.87510000000e+01	2.041455e+01	-7.753043e+02
9.04110000000e+01	1.882073e+01	-7.615956e+02
9.21030000000e+01	1.899926e+01	-7.480796e+02
9.38260000000e+01	1.910479e+01	-7.338270e+02
9.55810000000e+01	1.895044e+01	-7.206993e+02
9.73690000000e+01	1.895189e+01	-7.077562e+02
9.91900000000e+01	1.759052e+01	-6.951588e+02
1.01046000000e+02	1.827129e+01	-6.825109e+02
1.02936000000e+02	1.788850e+01	-6.696991e+02
1.04862000000e+02	1.770700e+01	-6.581449e+02
1.06823000000e+02	1.703498e+01	-6.460029e+02
1.08822000000e+02	1.693317e+01	-6.334285e+02
1.10857000000e+02	1.691031e+01	-6.222510e+02
1.12931000000e+02	1.673262e+01	-6.113772e+02
1.15044000000e+02	1.612141e+01	-6.002351e+02
1.17196000000e+02	1.641084e+01	-5.892218e+02
1.19388000000e+02	1.589154e+01	-5.786517e+02
1.21621000000e+02	1.556499e+01	-5.685975e+02
1.23897000000e+02	1.481879e+01	-5.578654e+02
1.26214000000e+02	1.522521e+01	-5.478552e+02
1.28575000000e+02	1.485064e+01	-5.377798e+02
1.30980000000e+02	1.467596e+01	-5.282906e+02
1.33431000000e+02	1.434047e+01	-5.187195e+02
1.35927000000e+02	1.422054e+01	-5.090710e+02
1.38469000000e+02	1.407545e+01	-4.997855e+02
1.41060000000e+02	1.386324e+01	-4.910433e+02
1.43699000000e+02	1.380843e+01	-4.819391e+02
1.46387000000e+02	1.387969e+01	-4.734670e+02
1.49125000000e+02	1.377257e+01	-4.644269e+02
1.51915000000e+02	1.346576e+01	-4.564191e+02
1.54757000000e+02	1.303069e+01	-4.479114e+02
1.57652000000e+02	1.288542e+01	-4.399005e+02
1.60601000000e+02	1.271433e+01	-4.320201e+02
1.63605000000e+02	1.286139e+01	-4.243621e+02
1.66666000000e+02	1.256003e+01	-4.165430e+02
1.69783000000e+02	1.269082e+01	-4.086231e+02
1.72959000000e+02	1.232773e+01	-4.014165e+02
1.76195000000e+02	1.182852e+01	-3.944141e+02
1.79491000000e+02	1.184628e+01	-3.869164e+02
1.82849000000e+02	1.138234e+01	-3.801835e+02
1.86269000000e+02	1.091248e+01	-3.728334e+02
1.89754000000e+02	1.126803e+01	-3.665441e+02
1.93303000000e+02	1.112471e+01	-3.597543e+02
1.96919000000e+02	1.113304e+01	-3.531174e+02
2.00603000000e+02	1.088320e+01	-3.467381e+02
2.04356000000e+02	1.066142e+01	-3.405048e+02
2.08178000000e+02	1.080696e+01	-3.346742e+02
2.12073000000e+02	1.039051e+01	-3.286592e+02
2.16040000000e+02	1.050189e+01	-3.224156e+02
2.20081000000e+02	1.056631e+01	-3.168940e+02
2.24198000000e+02	1.036593e+01	-3.108266e+02
2.28392000000e+02	1.027395e+01	-3.052129e+02
2.32665000000e+02	1.008158e+01	-2.996921e+02
2.37017000000e+02	9.907793e+00	-2.940603e+02
2.41451000000e+02	9.704576e+00	-2.888889e+02
2.45968000000e+02	9.504269e+00	-2.834850e+02
2.50569000000e+02	9.561483e+00	-2.785782e+02
2.55256000000e+02	9.414431e+00	-2.736838e+02
2.60031000000e+02	9.392605e+00	-2.685797e+02
2.64896000000e+02	9.228399e+00	-2.637692e+02
2.69851000000e+02	9.191013e+00	-2.587988e+02
2.74899000000e+02	9.024780e+00	-2.542836e+02
2.80042000000e+02	8.995220e+00	-2.495569e+02
2.85280000000e+02	8.840498e+00	-2.452723e+02
2.90617000000e+02	8.705524e+00	-2.407958e+02
2.96053000000e+02	8.721241e+00	-2.364805e+02
3.01591000000e+02	8.803055e+00	-2.318362e+02
3.07233000000e+02	8.630083e+00	-2.280052e+02
3.12981000000e+02	8.631269e+00	-2.238060e+02
3.18835000000e+02	8.165691e+00	-2.197721e+02
3.24800000000e+02	8.101204e+00	-2.159128e+02
3.30876000000e+02	8.020922e+00	-2.116436e+02
3.37065000000e+02	8.291040e+00	-2.081597e+02
3.43371000000e+02	8.093889e+00	-2.043286e+02
3.49794000000e+02	7.764086e+00	-2.006573e+02
3.56338000000e+02	7.886427e+00	-1.969245e+02
3.63003000000e+02	7.671885e+00	-1.933459e+02
3.69794000000e+02	7.825351e+00	-1.897634e+02
3.76712000000e+02	7.675835e+00	-1.863738e+02
3.83759000000e+02	7.580795e+00	-1.830012e+02
3.90938000000e+02	7.458010e+00	-1.798281e+02
3.98251000000e+02	7.344841e+00	-1.765797e+02
4.05701000000e+02	7.461397e+00	-1.731306e+02
4.13290000000e+02	7.483182e+00	-1.703163e+02
4.21021000000e+02	7.125514e+00	-1.670926e+02
4.28897000000e+02	7.030948e+00	-1.640735e+02
4.36920000000e+02	6.870270e+00	-1.612829e+02
4.45094000000e+02	7.026583e+00	-1.581434e+02
4.53420000000e+02	7.066134e+00	-1.555287e+02
4.61902000000e+02	7.028536e+00	-1.527032e+02
4.70543000000e+02	7.054458e+00	-1.497430e+02
4.79345000000e+02	6.843215e+00	-1.470990e+02
4.88312000000e+02	6.701464e+00	-1.443336e+02
4.97447000000e+02	6.656160e+00	-1.417223e+02
5.06752000000e+02	6.544629e+00	-1.391695e+02
5.16232000000e+02	6.528387e+00	-1.369740e+02
5.25889000000e+02	6.608944e+00	-1.343727e+02
5.35727000000e+02	6.520192e+00	-1.319086e+02
5.45748000000e+02	6.373322e+00	-1.295944e+02
5.55957000000e+02	6.386197e+00	-1.272422e+02
5.66358000000e+02	6.359508e+00	-1.250647e+02
5.76952000000e+02	6.295300e+00	-1.226448e+02
5.87745000000e+02	6.300706e+00	-1.207070e+02
5.98740000000e+02	6.242689e+00	-1.183589e+02
6.09940000000e+02	6.188816e+00	-1.162644e+02
6.21350000000e+02	6.067937e+00	-1.141068e+02
6.32974000000e+02	5.838126e+00	-1.120229e+02
6.44815000000e+02	6.060413e+00	-1.100408e+02
6.56877000000e+02	5.994591e+00	-1.078924e+02
6.69165000000e+02	6.027726e+00	-1.061951e+02
6.81683000000e+02	5.664688e+00	-1.040725e+02
6.94435000000e+02	5.802465e+00	-1.022602e+02
7.07425000000e+02	5.567162e+00	-1.004591e+02
7.20659000000e+02	5.739989e+00	-9.869977e+01
7.34140000000e+02	5.794024e+00	-9.685802e+01
7.47874000000e+02	5.679292e+00	-9.520520e+01
7.61864000000e+02	5.694773e+00	-9.345288e+01
7.76116000000e+02	5.578865e+00	-9.179160e+01
7.90634000000e+02	5.593124e+00	-9.027344e+01
8.05425000000e+02	5.442276e+00	-8.845930e+01
8.20491000000e+02	5.541323e+00	-8.697636e+01
8.35840000000e+02	5.313753e+00	-8.542010e+01
8.51476000000e+02	5.336270e+00	-8.396732e+01
8.67404000000e+02	5.262575e+00	-8.243364e+01
8.83630000000e+02	5.321393e+00	-8.094481e+01
9.00160000000e+02	5.222840e+00	-7.950998e+01
9.16999000000e+02	5.083720e+00	-7.805074e+01
9.34153000000e+02	5.098279e+00	-7.664288e+01
9.51628000000e+02	5.181428e+00	-7.519919e+01
9.69430000000e+02	5.141015e+00	-7.396892e+01
9.87565000000e+02	5.076167e+00	-7.245035e+01
1.00603900000e+03	4.979262e+00	-7.137962e+01
1.02485900000e+03	4.891232e+00	-7.011986e+01
1.04403000000e+03	4.909616e+00	-6.872942e+01
1.06356100000e+03	4.930766e+00	-6.754968e+01
1.08345700000e+03	4.864988e+00	-6.640800e+01
1.10372400000e+03	4.829435e+00	-6.517813e+01
1.12437200000e+03	4.907436e+00	-6.399921e+01
1.14540500000e+03	4.731505e+00	-6.288439e+01
1.16683200000e+03	4.759013e+00	-6.182965e+01
1.18865900000e+03	4.719563e+00	-6.064095e+01
1.21089500000e+03	4.765672e+00	-5.966678e+01
1.23354700000e+03	4.580881e+00	-5.853024e+01
1.25662300000e+03	4.658887e+00	-5.753305e+01
1.28013000000e+03	4.606517e+00	-5.638776e+01
1.30407700000e+03	4.506460e+00	-5.550533e+01
1.32847200000e+03	4.535737e+00	-5.439562e+01
1.35332300000e+03	4.408235e+00	-5.332201e+01
1.37863900000e+03	4.515650e+00	-5.253850e+01
1.40442900000e+03	4.478906e+00	-5.160503e+01
1.43070100000e+03	4.457133e+00	-5.064072e+01
1.45746500000e+03	4.248475e+00	-4.980027e+01
1.48472900000e+03	4.319262e+00	-4.891293e+01
1.51250400000e+03	4.351068e+00	-4.801281e+01
1.54079800000e+03	4.285433e+00	-4.710143e+01
1.56962100000e+03	4.348970e+00	-4.642516e+01
1.59898400000e+03	4.322339e+00	-4.551108e+01
1.62889500000e+03	4.125472e+00	-4.483768e+01
1.65936700000e+03	4.219688e+00	-4.395230e+01
1.69040800000e+03	4.059762e+00	-4.318571e+01
1.72203000000e+03	4.127014e+00	-4.240665e+01
1.75424300000e+03	3.983464e+00	-4.164153e+01
1.78705900000e+03	4.097266e+00	-4.095061e+01
1.82048900000e+03	3.926162e+00	-4.015417e+01
1.85454500000e+03	3.946978e+00	-3.941197e+01
1.88923700000e+03	3.951829e+00	-3.877122e+01
1.92457900000e+03	3.957740e+00	-3.807538e+01
1.96058100000e+03	3.952871e+00	-3.743967e+01
1.99725700000e+03	3.865584e+00	-3.690290e+01
2.03461900000e+03	3.791379e+00	-3.614818e+01
2.07268000000e+03	3.784766e+00	-3.563460e+01
2.11145300000e+03	3.818547e+00	-3.482018e+01
2.15095200000e+03	3.746573e+00	-3.429793e+01
2.19118900000e+03	3.851018e+00	-3.372570e+01
2.23217900000e+03	3.722693e+00	-3.304105e+01
2.27393600000e+03	3.668935e+00	-3.257835e+01
2.31647300000e+03	3.703614e+00	-3.192381e+01
2.35980700000e+03	3.713660e+00	-3.143555e+01
2.40395100000e+03	3.659988e+00	-3.080747e+01
2.44892100000e+03	3.650035e+00	-3.030098e+01
2.49473200000e+03	3.605842e+00	-2.977474e+01
2.54140100000e+03	3.585976e+00	-2.926252e+01
2.58894200000e+03	3.470870e+00	-2.870075e+01
2.63737300000e+03	3.482899e+00	-2.819493e+01
2.68670900000e+03	3.463069e+00	-2.776246e+01
2.73696900000e+03	3.465737e+00	-2.729275e+01
2.78816800000e+03	3.446956e+00	-2.673809e+01
2.84032600000e+03	3.473794e+00	-2.629995e+01
2.89345900000e+03	3.380877e+00	-2.579332e+01
2.94758600000e+03	3.370998e+00	-2.545716e+01
3.00272600000e+03	3.384362e+00	-2.488609e+01
3.05889700000e+03	3.347077e+00	-2.448626e+01
3.11611900000e+03	3.348404e+00	-2.407601e+01
3.17441100000e+03	3.251554e+00	-2.367957e+01
3.23379400000e+03	3.206849e+00	-2.331013e+01
3.29428700000e+03	3.259576e+00	-2.294774e+01
3.35591300000e+03	3.268884e+00	-2.249652e+01
3.41869100000e+03	3.119513e+00	-2.207814e+01
3.48264300000e+03	3.146730e+00	-2.171337e+01
3.54779200000e+03	3.101912e+00	-2.130197e+01
3.61415900000e+03	3.073582e+00	-2.091428e+01
3.68176800000e+03	3.047706e+00	-2.060937e+01
3.75064200000e+03	3.090039e+00	-2.024664e+01
3.82080400000e+03	3.051958e+00	-1.985203e+01
3.89227900000e+03	3.015716e+00	-1.952683e+01
3.96509100000e+03	3.020477e+00	-1.916534e+01
4.03926400000e+03	2.952541e+00	-1.885014e+01
4.11482600000e+03	2.966040e+00	-1.856450e+01
4.19180100000e+03	2.926818e+00	-1.825768e+01
4.27021500000e+03	2.912518e+00	-1.794313e+01
4.35009700000e+03	2.865199e+00	-1.762184e+01
4.43147300000e+03	2.843897e+00	-1.726788e+01
4.51437100000e+03	2.836232e+00	-1.700803e+01
4.59882000000e+03	2.800978e+00	-1.668365e+01
4.68484900000e+03	2.850758e+00	-1.639172e+01
4.77248700000e+03	2.775451e+00	-1.613652e+01
4.86176500000e+03	2.737141e+00	-1.585053e+01
4.95271200000e+03	2.738449e+00	-1.559794e+01
5.04536100000e+03	2.717561e+00	-1.534014e+01
5.13974400000e+03	2.751774e+00	-1.503696e+01
5.23589100000e+03	2.673566e+00	-1.483752e+01
5.33383700000e+03	2.700979e+00	-1.453612e+01
5.43361600000e+03	2.667546e+00	-1.432514e+01
5.53526100000e+03	2.618053e+00	-1.406418e+01
5.63880800000e+03	2.636575e+00	-1.379734e+01
5.74429100000e+03	2.610544e+00	-1.358557e+01
5.85174800000e+03	2.590148e+00	-1.339344e+01
5.96121500000e+03	2.595259e+00	-1.312207e+01
6.07273000000e+03	2.535443e+00	-1.286458e+01
6.18633000000e+03	2.554985e+00	-1.265282e+01
6.30205600000e+03	2.529439e+00	-1.246933e+01
6.41994700000e+03	2.515526e+00	-1.222509e+01
6.54004300000e+03	2.469667e+00	-1.201241e+01
6.66238600000e+03	2.496048e+00	-1.181010e+01
6.78701700000e+03	2.451237e+00	-1.160117e+01
6.91398000000e+03	2.457757e+00	-1.138263e+01
7.04331800000e+03	2.448141e+00	-1.124689e+01
7.17507500000e+03	2.396702e+00	-1.102203e+01
7.30929700000e+03	2.393512e+00	-1.084075e+01
7.44603000000e+03	2.366814e+00	-1.063635e+01
7.58532000000e+03	2.313953e+00	-1.049217e+01
7.72721700000e+03	2.363231e+00	-1.028636e+01
7.87176800000e+03	2.327009e+00	-1.013476e+01
8.01902200000e+03	2.285675e+00	-9.909525e+00
8.16903200000e+03	2.260235e+00	-9.751581e+00
8.32184800000e+03	2.293047e+00	-9.570223e+00
8.47752200000e+03	2.250238e+00	-9.438807e+00
8.63610900000e+03	2.244421e+00	-9.269442e+00
8.79766200000e+03	2.231859e+00	-9.112595e+00
8.96223700000e+03	2.200064e+00	-8.931110e+00
9.12989100000e+03	2.188077e+00	-8.797600e+00
9.30068100000e+03	2.192641e+00	-8.673569e+00
9.47466600000e+03	2.154572e+00	-8.507034e+00
9.65190600000e+03	2.135328e+00	-8.346334e+00
9.83246100000e+03	2.161592e+00	-8.210558e+00
1.00163940000e+04	2.138659e+00	-8.079857e+00
1.02037680000e+04	2.140728e+00	-7.939657e+00
1.03946470000e+04	2.098488e+00	-7.792632e+00
1.05890970000e+04	2.084085e+00	-7.673490e+00
1.07871840000e+04	2.091491e+00	-7.548361e+00
1.09889770000e+04	2.059865e+00	-7.409601e+00
1.11945440000e+04	2.064935e+00	-7.299578e+00
1.14039570000e+04	2.038919e+00	-7.135934e+00
1.16172880000e+04	2.043100e+00	-7.028318e+00
1.18346090000e+04	2.012165e+00	-6.917592e+00
1.20559960000e+04	2.011995e+00	-6.789570e+00
1.22815240000e+04	1.999403e+00	-6.665334e+00
1.25112700000e+04	1.996436e+00	-6.574690e+00
1.27453150000e+04	1.961492e+00	-6.467185e+00
1.29837380000e+04	1.958958e+00	-6.352791e+00
1.32266210000e+04	1.965423e+00	-6.239146e+00
1.34740470000e+04	1.954987e+00	-6.131238e+00
1.37261030000e+04	1.948564e+00	-6.024991e+00
1.39828730000e+04	1.934911e+00	-5.904932e+00
1.42444460000e+04	1.923374e+00	-5.829434e+00
1.45109130000e+04	1.921767e+00	-5.732718e+00
1.47823640000e+04	1.895870e+00	-5.622745e+00
1.50588940000e+04	1.879291e+00	-5.525024e+00
1.53405960000e+04	1.882870e+00	-5.436749e+00
1.56275680000e+04	1.875713e+00	-5.347049e+00
1.59199080000e+04	1.853976e+00	-5.254731e+00
1.62177180000e+04	1.834693e+00	-5.176453e+00
1.65210980000e+04	1.836482e+00	-5.077305e+00
1.68301530000e+04	1.854829e+00	-4.987544e+00
1.71449900000e+04	1.832715e+00	-4.899988e+00
1.74657160000e+04	1.797189e+00	-4.804232e+00
1.77924420000e+04	1.807445e+00	-4.735505e+00
1.81252800000e+04	1.810170e+00	-4.656991e+00
1.84643440000e+04	1.792752e+00	-4.581324e+00
1.88097520000e+04	1.773299e+00	-4.491161e+00
1.91616200000e+04	1.763287e+00	-4.427384e+00
1.95200710000e+04	1.755313e+00	-4.323521e+00
1.98852270000e+04	1.762187e+00	-4.270309e+00
2.02572140000e+04	1.734499e+00	-4.190584e+00
2.06361600000e+04	1.740983e+00	-4.123625e+00
2.10221950000e+04	1.740922e+00	-4.053688e+00
2.14154510000e+04	1.721770e+00	-3.989549e+00
2.18160630000e+04	1.724264e+00	-3.907465e+00
2.22241700000e+04	1.704662e+00	-3.848280e+00
2.26399110000e+04	1.703099e+00	-3.784752e+00
2.30634290000e+04	1.683191e+00	-3.720651e+00
2.34948700000e+04	1.696393e+00	-3.658144e+00
2.39343820000e+04	1.687920e+00	-3.589381e+00
2.43821150000e+04	1.676172e+00	-3.525208e+00
2.48382240000e+04	1.685156e+00	-3.465866e+00
2.53028660000e+04	1.655635e+00	-3.419413e+00
2.57761990000e+04	1.674938e+00	-3.344830e+00
2.62583870000e+04	1.651339e+00	-3.293518e+00
2.67495950000e+04	1.653132e+00	-3.242897e+00
2.72499920000e+04	1.647517e+00	-3.178746e+00
2.77597490000e+04	1.640872e+00	-3.122054e+00
2.82790430000e+04	1.627053e+00	-3.071913e+00
2.88080510000e+04	1.630174e+00	-3.020700e+00
2.93469550000e+04	1.617432e+00	-2.962750e+00
2.98959390000e+04	1.613088e+00	-2.920593e+00
3.04551940000e+04	1.608968e+00	-2.867764e+00
3.10249110000e+04	1.609551e+00	-2.814350e+00
3.16052840000e+04	1.602306e+00	-2.771745e+00
3.21965150000e+04	1.594578e+00	-2.726099e+00
3.27988060000e+04	1.596091e+00	-2.682901e+00
3.34123640000e+04	1.584021e+00	-2.624503e+00
3.40373990000e+04	1.580590e+00	-2.589613e+00
3.46741270000e+04	1.566073e+00	-2.534654e+00
3.53227660000e+04	1.576452e+00	-2.496032e+00
3.59835380000e+04	1.561242e+00	-2.447020e+00
3.66566720000e+04	1.565590e+00	-2.405940e+00
3.73423970000e+04	1.553939e+00	-2.370360e+00
3.80409510000e+04	1.556274e+00	-2.324771e+00
3.87525720000e+04	1.545178e+00	-2.291847e+00
3.94775050000e+04	1.541758e+00	-2.241520e+00
4.02159990000e+04	1.536855e+00	-2.206707e+00
4.09683080000e+04	1.537606e+00	-2.172756e+00
4.17346900000e+04	1.530005e+00	-2.130493e+00
4.25154090000e+04	1.525338e+00	-2.097288e+00
4.33107320000e+04	1.529064e+00	-2.065910e+00
4.41209330000e+04	1.521384e+00	-2.023139e+00
4.49462910000e+04	1.518687e+00	-1.994115e+00
4.57870880000e+04	1.512563e+00	-1.950703e+00
4.66436130000e+04	1.511260e+00	-1.922221e+00
4.75161620000e+04	1.508385e+00	-1.887584e+00
4.84050330000e+04	1.505962e+00	-1.855524e+00
4.93105320000e+04	1.500189e+00	-1.824826e+00
5.02329690000e+04	1.497386e+00	-1.786670e+00
5.11726630000e+04	1.492285e+00	-1.760356e+00
5.21299350000e+04	1.491712e+00	-1.728789e+00
5.31051140000e+04	1.488525e+00	-1.702412e+00
5.40985360000e+04	1.485322e+00	-1.668381e+00
5.51105420000e+04	1.485180e+00	-1.637593e+00
5.61414780000e+04	1.478210e+00	-1.614906e+00
5.71917010000e+04	1.474354e+00	-1.583979e+00
5.82615690000e+04	1.470543e+00	-1.555096e+00
5.93514510000e+04	1.474740e+00	-1.526201e+00
6.04617220000e+04	1.471869e+00	-1.504017e+00
6.15927610000e+04	1.467095e+00	-1.477000e+00
6.27449590000e+04	1.467238e+00	-1.455356e+00
6.39187110000e+04	1.459722e+00	-1.423509e+00
6.51144190000e+04	1.459826e+00	-1.403049e+00
6.63324960000e+04	1.458769e+00	-1.373345e+00
6.75733580000e+04	1.451024e+00	-1.349076e+00
6.88374340000e+04	1.451776e+00	-1.327888e+00
7.01251550000e+04	1.450303e+00	-1.308762e+00
7.14369660000e+04	1.451162e+00	-1.282155e+00
7.27733170000e+04	1.446711e+00	-1.258429e+00
7.41346660000e+04	1.442637e+00	-1.235625e+00
7.55214810000e+04	1.441280e+00	-1.216000e+00
7.69342400000e+04	1.443219e+00	-1.195745e+00
7.83734260000e+04	1.437520e+00	-1.175451e+00
7.98395350000e+04	1.436593e+00	-1.152825e+00
8.13330690000e+04	1.434711e+00	-1.135123e+00
8.28545430000e+04	1.431920e+00	-1.112372e+00
8.44044790000e+04	1.429543e+00	-1.092443e+00
8.59834090000e+04	1.429261e+00	-1.075398e+00
8.75918760000e+04	1.426416e+00	-1.057764e+00
8.92304310000e+04	1.423574e+00	-1.034719e+00
9.08996390000e+04	1.423586e+00	-1.017703e+00
9.26000720000e+04	1.420065e+00	-1.002350e+00
9.43323140000e+04	1.424276e+00	-9.826487e-01
9.60969610000e+04	1.420467e+00	-9.669907e-01
9.78946190000e+04	1.414048e+00	-9.490682e-01
9.97259050000e+04	1.414346e+00	-9.343215e-01
1.01591449000e+05	1.412884e+00	-9.157072e-01
1.03491890000e+05	1.412842e+00	-9.009036e-01
1.05427883000e+05	1.410816e+00	-8.843151e-01
1.07400091000e+05	1.410096e+00	-8.718363e-01
1.09409193000e+05	1.411183e+00	-8.512747e-01
1.11455879000e+05	1.408780e+00	-8.395200e-01
1.13540852000e+05	1.405826e+00	-8.235393e-01
1.15664827000e+05	1.406761e+00	-8.060145e-01
1.17828536000e+05	1.403137e+00	-7.934724e-01
1.20032720000e+05	1.402264e+00	-7.781893e-01
1.22278137000e+05	1.401522e+00	-7.639312e-01
1.24565558000e+05	1.400928e+00	-7.519975e-01
1.26895769000e+05	1.400431e+00	-7.364953e-01
1.29269572000e+05	1.400946e+00	-7.242403e-01
1.31687780000e+05	1.398695e+00	-7.113543e-01
1.34151225000e+05	1.395664e+00	-6.977718e-01
1.36660752000e+05	1.395310e+00	-6.873866e-01
1.39217225000e+05	1.391952e+00	-6.750824e-01
1.41821521000e+05	1.390687e+00	-6.638800e-01
1.44474535000e+05	1.389290e+00	-6.495959e-01
1.47177178000e+05	1.386483e+00	-6.377554e-01
1.49930378000e+05	1.385545e+00	-6.263664e-01
1.52735082000e+05	1.384331e+00	-6.166720e-01
1.55592253000e+05	1.382501e+00	-6.022716e-01
1.58502871000e+05	1.382571e+00	-5.944180e-01
1.61467938000e+05	1.382438e+00	-5.825871e-01
1.64488472000e+05	1.380414e+00	-5.733812e-01
1.67565510000e+05	1.379306e+00	-5.652269e-01
1.70700109000e+05	1.378972e+00	-5.521419e-01
1.73893346000e+05	1.379724e+00	-5.394577e-01
1.77146318000e+05	1.378683e+00	-5.362434e-01
1.80460142000e+05	1.376061e+00	-5.229142e-01
1.83835957000e+05	1.376342e+00	-5.120140e-01
1.87274923000e+05	1.372910e+00	-5.028384e-01
1.90778220000e+05	1.372745e+00	-4.928700e-01
1.94347053000e+05	1.372284e+00	-4.862781e-01
1.97982646000e+05	1.371921e+00	-4.785789e-01
2.01686250000e+05	1.370442e+00	-4.660085e-01
2.05459135000e+05	1.371574e+00	-4.575952e-01
2.09302599000e+05	1.369848e+00	-4.487117e-01
2.13217962000e+05	1.369196e+00	-4.428306e-01
2.17206568000e+05	1.368208e+00	-4.347035e-01
2.21269788000e+05	1.369105e+00	-4.252210e-01
2.25409017000e+05	1.367992e+00	-4.167163e-01
2.29625678000e+05	1.366264e+00	-4.115047e-01
2.33921218000e+05	1.364677e+00	-4.030340e-01
2.38297114000e+05	1.366045e+00	-3.941457e-01
2.42754869000e+05	1.364986e+00	-3.881587e-01
2.47296013000e+05	1.363890e+00	-3.792619e-01
2.51922107000e+05	1.363739e+00	-3.709121e-01
2.56634741000e+05	1.363240e+00	-3.632925e-01
2.61435532000e+05	1.364563e+00	-3.590922e-01
2.66326130000e+05	1.362092e+00	-3.499222e-01
2.71308215000e+05	1.360523e+00	-3.440253e-01
2.76383499000e+05	1.358784e+00	-3.351963e-01
2.81553724000e+05	1.357270e+00	-3.274022e-01
2.86820667000e+05	1.364324e+00	-3.248169e-01
2.92186138000e+05	1.357217e+00	-3.194272e-01
2.97651978000e+05	1.352519e+00	-3.116509e-01
3.03220067000e+05	1.358909e+00	-3.036308e-01
3.08892316000e+05	1.355634e+00	-2.987654e-01
3.14670675000e+05	1.362357e+00	-2.922786e-01
3.20557127000e+05	1.355222e+00	-2.862603e-01
3.26553695000e+05	1.354603e+00	-2.825093e-01
3.32662440000e+05	1.358475e+00	-2.694718e-01
3.38885459000e+05	1.357769e+00	-2.693478e-01
3.45224890000e+05	1.356040e+00	-2.664512e-01
3.51682912000e+05	1.355894e+00	-2.516788e-01
3.58261741000e+05	1.353623e+00	-2.509440e-01
3.64963639000e+05	1.352390e+00	-2.461435e-01
3.71790907000e+05	1.351736e+00	-2.393860e-01
3.78745891000e+05	1.355980e+00	-2.328950e-01
3.85830980000e+05	1.348311e+00	-2.318679e-01
3.93048607000e+05	1.348929e+00	-2.210806e-01
4.00401253000e+05	1.355035e+00	-2.208107e-01
4.07891442000e+05	1.348263e+00	-2.189183e-01
4.15521748000e+05	1.350721e+00	-2.079717e-01
4.23294792000e+05	1.349205e+00	-2.020601e-01
4.31213244000e+05	1.351317e+00	-1.979679e-01
4.39279824000e+05	1.350365e+00	-1.941415e-01
4.47497303000e+05	1.345912e+00	-1.914819e-01
4.55868505000e+05	1.348490e+00	-1.898140e-01
4.64396304000e+05	1.346695e+00	-1.812434e-01
4.73083630000e+05	1.348446e+00	-1.745430e-01
4.81933467000e+05	1.345029e+00	-1.697752e-01
4.90948855000e+05	1.344055e+00	-1.665775e-01
5.00132892000e+05	1.343343e+00	-1.652401e-01
5.09488732000e+05	1.344016e+00	-1.553969e-01
5.19019589000e+05	1.346686e+00	-1.531087e-01
5.28728737000e+05	1.348318e+00	-1.499648e-01
5.38619511000e+05	1.342636e+00	-1.490137e-01
5.48695309000e+05	1.340714e+00	-1.395945e-01
5.58959592000e+05	1.344100e+00	-1.356722e-01
5.69415885000e+05	1.342695e+00	-1.325093e-01
5.80067782000e+05	1.344691e+00	-1.245602e-01
5.90918941000e+05	1.346312e+00	-1.263347e-01
6.01973089000e+05	1.345785e+00	-1.212390e-01
6.13234023000e+05	1.342982e+00	-1.201524e-01
6.24705613000e+05	1.341625e+00	-1.103974e-01
6.36391799000e+05	1.341613e+00	-1.047334e-01
6.48296594000e+05	1.343602e+00	-1.039324e-01
6.60424089000e+05	1.339197e+00	-1.066163e-01
6.72778450000e+05	1.342411e+00	-9.490487e-02
6.85363919000e+05	1.343333e+00	-9.171367e-02
6.98184822000e+05	1.340604e+00	-9.067862e-02
7.11245562000e+05	1.343541e+00	-8.603711e-02
7.24550625000e+05	1.342027e+00	-7.843970e-02
7.38104581000e+05	1.342932e+00	-7.610685e-02
7.51912088000e+05	1.338917e+00	-7.578661e-02
7.65977888000e+05	1.339600e+00	-7.115141e-02
7.80306813000e+05	1.335742e+00	-7.095322e-02
7.94903784000e+05	1.338723e+00	-6.004874e-02
8.09773817000e+05	1.335778e+00	-6.181080e-02
8.24922019000e+05	1.334927e+00	-5.530353e-02
8.40353595000e+05	1.337956e+00	-5.353277e-02
8.56073844000e+05	1.338459e+00	-4.947552e-02
8.72088167000e+05	1.335201e+00	-4.015565e-02
8.88402066000e+05	1.334531e+00	-3.702932e-02
9.05021144000e+05	1.342599e+00	-3.593533e-02
9.21951110000e+05	1.338179e+00	-3.269920e-02
9.39197780000e+05	1.338669e+00	-2.593813e-02
9.56767078000e+05	1.343919e+00	-2.725111e-02
9.74665041000e+05	1.339485e+00	-2.007306e-02
9.92897815000e+05	1.339866e+00	-2.182024e-02
1.01147166400e+06	1.338199e+00	-9.388398e-03
1.03039296900e+06	1.336987e+00	-1.033700e-02
1.04966822900e+06	1.336301e+00	-7.729029e-03
1.06930406600e+06	1.341095e+00	-3.548089e-03
1.08930722500e+06	1.338442e+00	7.799661e-04
1.10968457700e+06	1.337820e+00	-6.565492e-03
1.13044312200e+06	1.335835e+00	2.068434e-03
1.15158999200e+06	1.342550e+00	3.932455e-03
1.17313244900e+06	1.338737e+00	1.072414e-02
1.19507789500e+06	1.336140e+00	1.229095e-02
1.21743386800e+06	1.341628e+00	2.083850e-02
1.24020804800e+06	1.340329e+00	1.509643e-02
1.26340825800e+06	1.337235e+00	2.866821e-02
1.28704246700e+06	1.337974e+00	3.316686e-02
1.31111879400e+06	1.337210e+00	3.773269e-02
1.33564551100e+06	1.336017e+00	3.929701e-02
1.36063104100e+06	1.338594e+00	4.286741e-02
1.38608396800e+06	1.339851e+00	4.520693e-02
1.41201303600e+06	1.338180e+00	4.631057e-02
1.43842715200e+06	1.338938e+00	5.401501e-02
1.46533538800e+06	1.335751e+00	5.689067e-02
1.49274698900e+06	1.335768e+00	6.083491e-02
1.52067137100e+06	1.336072e+00	6.627324e-02
1.54911812600e+06	1.339526e+00	7.068096e-02
1.57809702700e+06	1.341733e+00	6.689490e-02
1.60761802700e+06	1.338761e+00	8.068427e-02
1.63769126700e+06	1.331800e+00	8.681065e-02
1.66832708000e+06	1.340670e+00	8.821587e-02
1.69953598700e+06	1.340842e+00	9.174451e-02
1.73132871000e+06	1.340090e+00	9.118685e-02
1.76371617100e+06	1.343691e+00	9.706955e-02
1.79670949400e+06	1.337378e+00	1.036412e-01
1.83032001300e+06	1.346123e+00	1.005911e-01
1.86455927500e+06	1.343844e+00	1.096342e-01
1.89943904100e+06	1.345659e+00	1.074558e-01
1.93497129200e+06	1.342558e+00	1.169957e-01
1.97116823500e+06	1.340682e+00	1.247743e-01
2.00804230300e+06	1.347457e+00	1.231962e-01
2.04560616400e+06	1.342598e+00	1.298657e-01
2.08387272100e+06	1.339475e+00	1.306617e-01
2.12285511900e+06	1.343647e+00	1.328185e-01
2.16256675000e+06	1.343287e+00	1.391149e-01
2.20302125400e+06	1.341291e+00	1.469182e-01
2.24423252900e+06	1.346003e+00	1.536075e-01
2.28621473200e+06	1.344262e+00	1.612118e-01
2.32898228300e+06	1.351613e+00	1.573700e-01
2.37254987400e+06	1.345500e+00	1.599755e-01
2.41693247200e+06	1.350420e+00	1.654850e-01
2.46214532100e+06	1.345897e+00	1.753437e-01
2.50820395400e+06	1.352309e+00	1.731072e-01
2.55512419300e+06	1.359325e+00	1.823003e-01
2.60292215500e+06	1.355921e+00	1.845306e-01
2.65161425900e+06	1.357301e+00	1.940967e-01
2.70121723300e+06	1.353664e+00	1.945224e-01
2.75174811400e+06	1.355462e+00	2.020145e-01
2.80322426300e+06	1.356524e+00	2.031166e-01
2.85566336000e+06	1.356133e+00	2.104274e-01
2.90908342000e+06	1.356469e+00	2.165840e-01
2.96350279400e+06	1.358755e+00	2.265544e-01
3.01894017500e+06	1.356765e+00	2.241776e-01
3.07541460700e+06	1.356620e+00	2.313327e-01
3.13294549000e+06	1.359616e+00	2.369770e-01
3.19155258600e+06	1.359271e+00	2.412017e-01
3.25125602800e+06	1.359311e+00	2.476481e-01
3.31207632400e+06	1.361131e+00	2.521291e-01
3.37403436900e+06	1.361961e+00	2.585237e-01
3.43715144400e+06	1.364551e+00	2.644507e-01
3.50144923200e+06	1.368947e+00	2.667457e-01
3.56694982000e+06	1.365930e+00	2.767311e-01
3.63367570800e+06	1.368325e+00	2.759534e-01
3.70164981800e+06	1.369539e+00	2.856264e-01
3.77089550000e+06	1.367027e+00	2.905883e-01
3.84143654100e+06	1.369680e+00	3.003668e-01
3.91329717200e+06	1.366055e+00	3.026370e-01
3.98650207900e+06	1.368398e+00	3.059404e-01
4.06107640900e+06	1.369775e+00	3.181095e-01
4.13704577900e+06	1.370374e+00	3.227887e-01
4.21443628600e+06	1.370034e+00	3.256338e-01
4.29327451400e+06	1.373186e+00	3.340424e-01
4.37358754600e+06	1.371319e+00	3.415786e-01
4.45540297100e+06	1.374459e+00	3.494384e-01
4.53874889300e+06	1.376760e+00	3.539331e-01
4.62365394300e+06	1.378120e+00	3.622423e-01
4.71014728600e+06	1.378069e+00	3.688436e-01
4.79825863600e+06	1.379512e+00	3.752774e-01
4.88801825800e+06	1.379294e+00	3.814211e-01
4.97945698800e+06	1.380749e+00	3.915788e-01
5.07260623500e+06	1.384659e+00	3.945678e-01
5.16749799800e+06	1.388488e+00	4.016251e-01
5.26416487400e+06	1.385389e+00	4.076782e-01
5.36264006800e+06	1.388397e+00	4.204518e-01
5.46295740900e+06	1.385066e+00	4.279295e-01
5.56515135800e+06	1.388921e+00	4.342234e-01
5.66925701900e+06	1.389355e+00	4.441847e-01
5.77531015400e+06	1.390429e+00	4.509369e-01
5.88334719300e+06	1.388127e+00	4.596199e-01
5.99340525100e+06	1.391625e+00	4.681931e-01
6.10552213200e+06	1.394702e+00	4.758071e-01
6.21973635100e+06	1.394755e+00	4.835840e-01
6.33608714200e+06	1.396541e+00	4.926165e-01
6.45461447300e+06	1.398474e+00	4.985031e-01
6.57535906100e+06	1.402160e+00	5.106503e-01
6.69836238200e+06	1.396374e+00	5.170927e-01
6.82366669000e+06	1.400684e+00	5.296540e-01
6.95131503000e+06	1.404419e+00	5.378178e-01
7.08135124900e+06	1.403953e+00	5.450310e-01
7.21382001800e+06	1.404848e+00	5.552920e-01
7.34876684200e+06	1.407650e+00	5.656257e-01
7.48623807700e+06	1.409891e+00	5.761268e-01
7.62628094600e+06	1.407257e+00	5.871587e-01
7.76894355600e+06	1.408637e+00	5.974338e-01
7.91427491300e+06	1.411460e+00	6.070049e-01
8.06232494200e+06	1.414989e+00	6.175331e-01
8.21314450000e+06	1.415037e+00	6.297717e-01
8.36678539400e+06	1.418105e+00	6.403131e-01
8.52330040500e+06	1.415835e+00	6.502873e-01
8.68274329600e+06	1.416719e+00	6.643596e-01
8.84516883800e+06	1.422319e+00	6.750560e-01
9.01063282800e+06	1.421463e+00	6.837058e-01
9.17919210400e+06	1.424259e+00	6.948700e-01
9.35090456900e+06	1.422049e+00	7.068660e-01
9.52582920900e+06	1.423832e+00	7.195837e-01
9.70402611300e+06	1.425061e+00	7.310346e-01
9.88555649500e+06	1.429257e+00	7.485666e-01
1.00704827130e+07	1.425094e+00	7.594310e-01
1.02588682910e+07	1.428579e+00	7.734022e-01
1.04507779430e+07	1.431928e+00	7.903188e-01
1.06462775940e+07	1.429851e+00	7.944853e-01
1.08454343980e+07	1.434303e+00	8.150206e-01
1.10483167720e+07	1.435187e+00	8.303018e-01
1.12549944060e+07	1.437444e+00	8.422467e-01
1.14655382990e+07	1.437947e+00	8.561170e-01
1.16800207740e+07	1.444604e+00	8.743794e-01
1.18985155110e+07	1.443480e+00	8.891501e-01
1.21210975650e+07	1.443638e+00	9.054059e-01
1.23478433960e+07	1.447156e+00	9.159340e-01
1.25788308950e+07	1.448777e+00	9.332284e-01
1.28141394100e+07	1.454101e+00	9.556785e-01
1.30538497730e+07	1.457174e+00	9.666245e-01
1.32980443270e+07	1.450947e+00	9.861054e-01
1.35468069580e+07	1.452218e+00	1.008193e+00
1.38002231190e+07	1.458503e+00	1.025747e+00
1.40583798610e+07	1.458120e+00	1.042052e+00
1.43213658660e+07	1.459545e+00	1.060221e+00
1.45892714740e+07	1.458089e+00	1.077565e+00
1.48621887140e+07	1.465039e+00	1.093638e+00
1.51402113360e+07	1.467940e+00	1.109163e+00
1.54234348470e+07	1.464553e+00	1.135216e+00
1.57119565370e+07	1.470281e+00	1.150552e+00
1.60058755190e+07	1.466107e+00	1.170880e+00
1.63052927560e+07	1.476029e+00	1.189688e+00
1.66103111050e+07	1.469047e+00	1.210592e+00
1.69210353420e+07	1.478773e+00	1.230978e+00
1.72375722070e+07	1.478579e+00	1.250078e+00
1.75600304350e+07	1.478306e+00	1.277283e+00
1.78885207950e+07	1.483561e+00	1.298436e+00
1.82231561280e+07	1.485376e+00	1.320287e+00
1.85640513860e+07	1.489143e+00	1.340424e+00
1.89113236730e+07	1.487717e+00	1.365869e+00
1.92650922800e+07	1.496875e+00	1.393047e+00
1.96254787340e+07	1.488933e+00	1.414279e+00
1.99926068310e+07	1.496377e+00	1.439195e+00
2.03666026870e+07	1.492413e+00	1.462439e+00
2.07475947740e+07	1.502268e+00	1.486968e+00
2.11357139690e+07	1.504558e+00	1.511953e+00
2.15310935960e+07	1.504469e+00	1.538847e+00
2.19338694740e+07	1.502085e+00	1.567822e+00
2.23441799630e+07	1.506454e+00	1.595107e+00
2.27621660100e+07	1.513005e+00	1.626216e+00
2.31879712010e+07	1.515948e+00	1.652123e+00
2.36217418040e+07	1.513710e+00	1.679753e+00
2.40636268280e+07	1.517167e+00	1.708548e+00
2.45137780650e+07	1.521070e+00	1.743059e+00
2.49723501510e+07	1.523314e+00	1.772302e+00
2.54395006100e+07	1.526631e+00	1.800562e+00
2.59153899160e+07	1.531658e+00	1.831042e+00
2.64001815450e+07	1.530023e+00	1.864661e+00
2.68940420290e+07	1.538915e+00	1.896973e+00
2.73971410170e+07	1.538366e+00	1.931532e+00
2.79096513310e+07	1.546045e+00	1.968611e+00
2.84317490250e+07	1.538894e+00	1.998735e+00
2.89636134490e+07	1.542922e+00	2.035524e+00
2.95054273050e+07	1.549176e+00	2.072082e+00
3.00573767140e+07	1.548497e+00	2.109291e+00
3.06196512800e+07	1.554525e+00	2.141183e+00
3.11924441520e+07	1.558253e+00	2.184647e+00
3.17759520930e+07	1.559383e+00	2.217134e+00
3.23703755460e+07	1.564675e+00	2.260614e+00
3.29759187060e+07	1.570204e+00	2.300331e+00
3.35927895840e+07	1.573712e+00	2.338213e+00
3.42212000850e+07	1.570075e+00	2.384889e+00
3.48613660790e+07	1.578293e+00	2.424885e+00
3.55135074700e+07	1.578445e+00	2.465466e+00
3.61778482800e+07	1.587704e+00	2.511139e+00
3.68546167200e+07	1.582643e+00	2.555082e+00
3.75440452690e+07	1.585032e+00	2.600833e+00
3.82463707560e+07	1.595991e+00	2.649689e+00
3.89618344410e+07	1.598927e+00	2.696136e+00
3.96906820970e+07	1.603084e+00	2.745410e+00
4.04331640920e+07	1.603885e+00	2.786468e+00
4.11895354820e+07	1.610647e+00	2.843528e+00
4.19600560900e+07	1.614714e+00	2.895972e+00
4.27449906010e+07	1.617270e+00	2.946589e+00
4.35446086540e+07	1.621451e+00	2.993491e+00
4.43591849280e+07	1.621140e+00	3.049372e+00
4.51889992420e+07	1.628842e+00	3.098032e+00
4.60343366500e+07	1.632453e+00	3.154193e+00
4.68954875380e+07	1.643150e+00	3.216759e+00
4.77727477250e+07	1.648976e+00	3.271230e+00
4.86664185610e+07	1.649952e+00	3.334710e+00
4.95768070360e+07	1.652715e+00	3.388519e+00
5.05042258830e+07	1.661286e+00	3.450304e+00
5.14489936840e+07	1.668445e+00	3.510120e+00
5.24114349790e+07	1.673849e+00	3.569972e+00
5.33918803830e+07	1.677649e+00	3.632328e+00
5.43906666920e+07	1.679334e+00	3.697964e+00
5.54081370050e+07	1.687649e+00	3.768830e+00
5.64446408380e+07	1.694870e+00	3.832723e+00
5.75005342460e+07	1.702372e+00	3.900518e+00
5.85761799430e+07	1.703736e+00	3.971109e+00
5.96719474300e+07	1.712278e+00	4.040614e+00
6.07882131190e+07	1.721848e+00	4.111884e+00
6.19253604650e+07	1.731178e+00	4.190069e+00
6.30837800930e+07	1.736494e+00	4.262265e+00
6.42638699390e+07	1.747857e+00	4.343050e+00
6.54660353810e+07	1.747145e+00	4.416805e+00
6.66906893810e+07	1.755391e+00	4.495107e+00
6.79382526260e+07	1.761441e+00	4.572767e+00
6.92091536720e+07	1.769047e+00	4.653451e+00
7.05038290920e+07	1.777157e+00	4.738124e+00
7.18227236270e+07	1.787774e+00	4.814815e+00
7.31662903370e+07	1.798356e+00	4.903692e+00
7.45349907570e+07	1.809078e+00	4.990431e+00
7.59292950560e+07	1.816669e+00	5.079924e+00
7.73496821980e+07	1.827784e+00	5.173514e+00
7.87966401080e+07	1.836827e+00	5.259165e+00
8.02706658360e+07	1.847643e+00	5.352452e+00
8.17722657330e+07	1.860628e+00	5.450193e+00
8.33019556210e+07	1.867988e+00	5.545997e+00
8.48602609700e+07	1.885001e+00	5.645416e+00
8.64477170830e+07	1.894444e+00	5.748610e+00
8.80648692730e+07	1.904116e+00	5.845974e+00
8.97122730570e+07	1.920023e+00	5.946931e+00
9.13904943420e+07	1.932104e+00	6.060524e+00
9.31001096230e+07	1.951047e+00	6.162418e+00
9.48417061770e+07	1.963933e+00	6.269167e+00
9.66158822700e+07	1.979008e+00	6.381025e+00
9.84232473560e+07	1.991035e+00	6.485397e+00
1.00264422293e+08	2.001729e+00	6.600481e+00
1.02140039551e+08	2.019681e+00	6.713266e+00
1.04050743434e+08	2.036521e+00	6.833677e+00
1.05997190296e+08	2.050494e+00	6.956537e+00
1.07980048771e+08	2.056818e+00	7.072319e+00
1.10000000000e+08	2.079372e+00	7.194767e+00


"TRACE: B"

"Frequency"	"Data Trace Real"	"Data Trace Imag"
4.00000000000e+01	1.370495e-05	5.868488e-04
4.07480000000e+01	1.380238e-05	5.978401e-04
4.15110000000e+01	1.374014e-05	6.088121e-04
4.22870000000e+01	1.403810e-05	6.200258e-04
4.30780000000e+01	1.460677e-05	6.313877e-04
4.38840000000e+01	1.515472e-05	6.432143e-04
4.47050000000e+01	1.553482e-05	6.550409e-04
4.55410000000e+01	1.463584e-05	6.665400e-04
4.63930000000e+01	1.618231e-05	6.793094e-04
4.72610000000e+01	1.570704e-05	6.922372e-04
4.81450000000e+01	1.609747e-05	7.044587e-04
4.90460000000e+01	1.695085e-05	7.178154e-04
4.99630000000e+01	1.703286e-05	7.311813e-04
5.08980000000e+01	1.759528e-05	7.445806e-04
5.18500000000e+01	1.809197e-05	7.586657e-04
5.28200000000e+01	1.871445e-05	7.727024e-04
5.38080000000e+01	1.896246e-05	7.858966e-04
5.48150000000e+01	1.951795e-05	8.008794e-04
5.58400000000e+01	1.893102e-05	8.155614e-04
5.68850000000e+01	2.052597e-05	8.305968e-04
5.79490000000e+01	2.091108e-05	8.456501e-04
5.90330000000e+01	2.045378e-05	8.618425e-04
6.01370000000e+01	2.063138e-05	8.774487e-04
6.12620000000e+01	2.132979e-05	8.939933e-04
6.24080000000e+01	2.223621e-05	9.102498e-04
6.35750000000e+01	2.216030e-05	9.268309e-04
6.47650000000e+01	2.303800e-05	9.450489e-04
6.59760000000e+01	2.357181e-05	9.628321e-04
6.72100000000e+01	2.392223e-05	9.792632e-04
6.84680000000e+01	2.500618e-05	9.972991e-04
6.97490000000e+01	2.486408e-05	1.015662e-03
7.10530000000e+01	2.516012e-05	1.034559e-03
7.23820000000e+01	2.546113e-05	1.054102e-03
7.37360000000e+01	2.631535e-05	1.073224e-03
7.51160000000e+01	2.653397e-05	1.094009e-03
7.65210000000e+01	2.806282e-05	1.113430e-03
7.79520000000e+01	2.793050e-05	1.133795e-03
7.94110000000e+01	2.901643e-05	1.154812e-03
8.08960000000e+01	2.883319e-05	1.176353e-03
8.24100000000e+01	3.030490e-05	1.197770e-03
8.39510000000e+01	2.979249e-05	1.219860e-03
8.55220000000e+01	3.095157e-05	1.241911e-03
8.71210000000e+01	3.174391e-05	1.265415e-03
8.87510000000e+01	3.393864e-05	1.288922e-03
9.04110000000e+01	3.242818e-05	1.312231e-03
9.21030000000e+01	3.392822e-05	1.335894e-03
9.38260000000e+01	3.545362e-05	1.361796e-03
9.55810000000e+01	3.645951e-05	1.386583e-03
9.73690000000e+01	3.780713e-05	1.411903e-03
9.91900000000e+01	3.637749e-05	1.437600e-03
1.01046000000e+02	3.919574e-05	1.464129e-03
1.02936000000e+02	3.985700e-05	1.492143e-03
1.04862000000e+02	4.084959e-05	1.518323e-03
1.06823000000e+02	4.079161e-05	1.546905e-03
1.08822000000e+02	4.217283e-05	1.577583e-03
1.10857000000e+02	4.364151e-05	1.605883e-03
1.12931000000e+02	4.473222e-05	1.634427e-03
1.15044000000e+02	4.471435e-05	1.664813e-03
1.17196000000e+02	4.723202e-05	1.695838e-03
1.19388000000e+02	4.742465e-05	1.726853e-03
1.21621000000e+02	4.810760e-05	1.757396e-03
1.23897000000e+02	4.758254e-05	1.791283e-03
1.26214000000e+02	5.068697e-05	1.823891e-03
1.28575000000e+02	5.131038e-05	1.858080e-03
1.30980000000e+02	5.254431e-05	1.891438e-03
1.33431000000e+02	5.325572e-05	1.926352e-03
1.35927000000e+02	5.483027e-05	1.962831e-03
1.38469000000e+02	5.630547e-05	1.999273e-03
1.41060000000e+02	5.744856e-05	2.034858e-03
1.43699000000e+02	5.940236e-05	2.073249e-03
1.46387000000e+02	6.186248e-05	2.110266e-03
1.49125000000e+02	6.379672e-05	2.151299e-03
1.51915000000e+02	6.458410e-05	2.189063e-03
1.54757000000e+02	6.489570e-05	2.230696e-03
1.57652000000e+02	6.652994e-05	2.271292e-03
1.60601000000e+02	6.806276e-05	2.312704e-03
1.63605000000e+02	7.135361e-05	2.354315e-03
1.66666000000e+02	7.232298e-05	2.398532e-03
1.69783000000e+02	7.593204e-05	2.444885e-03
1.72959000000e+02	7.643343e-05	2.488831e-03
1.76195000000e+02	7.596875e-05	2.533128e-03
1.79491000000e+02	7.905709e-05	2.582117e-03
1.82849000000e+02	7.867848e-05	2.627953e-03
1.86269000000e+02	7.843717e-05	2.679867e-03
1.89754000000e+02	8.378869e-05	2.725609e-03
1.93303000000e+02	8.587397e-05	2.777020e-03
1.96919000000e+02	8.919572e-05	2.829107e-03
2.00603000000e+02	9.043277e-05	2.881183e-03
2.04356000000e+02	9.186353e-05	2.933940e-03
2.08178000000e+02	9.638439e-05	2.984868e-03
2.12073000000e+02	9.609731e-05	3.039627e-03
2.16040000000e+02	1.009195e-04	3.098300e-03
2.20081000000e+02	1.051024e-04	3.152124e-03
2.24198000000e+02	1.071739e-04	3.213654e-03
2.28392000000e+02	1.101640e-04	3.272693e-03
2.32665000000e+02	1.121209e-04	3.332986e-03
2.37017000000e+02	1.144488e-04	3.396807e-03
2.41451000000e+02	1.161516e-04	3.457636e-03
2.45968000000e+02	1.181329e-04	3.523563e-03
2.50569000000e+02	1.230608e-04	3.585433e-03
2.55256000000e+02	1.255401e-04	3.649533e-03
2.60031000000e+02	1.300495e-04	3.718741e-03
2.64896000000e+02	1.324790e-04	3.786559e-03
2.69851000000e+02	1.370539e-04	3.859137e-03
2.74899000000e+02	1.393969e-04	3.927670e-03
2.80042000000e+02	1.442476e-04	4.001902e-03
2.85280000000e+02	1.467627e-04	4.071811e-03
2.90617000000e+02	1.499443e-04	4.147476e-03
2.96053000000e+02	1.557390e-04	4.222935e-03
3.01591000000e+02	1.635479e-04	4.307180e-03
3.07233000000e+02	1.657691e-04	4.379591e-03
3.12981000000e+02	1.720624e-04	4.461520e-03
3.18835000000e+02	1.688296e-04	4.543895e-03
3.24800000000e+02	1.735328e-04	4.624987e-03
3.30876000000e+02	1.788096e-04	4.718149e-03
3.37065000000e+02	1.910413e-04	4.796394e-03
3.43371000000e+02	1.935612e-04	4.886411e-03
3.49794000000e+02	1.925442e-04	4.976170e-03
3.56338000000e+02	2.030416e-04	5.069958e-03
3.63003000000e+02	2.049032e-04	5.163946e-03
3.69794000000e+02	2.169407e-04	5.260774e-03
3.76712000000e+02	2.206073e-04	5.356476e-03
3.83759000000e+02	2.259759e-04	5.455084e-03
3.90938000000e+02	2.302298e-04	5.551318e-03
3.98251000000e+02	2.351529e-04	5.653386e-03
4.05701000000e+02	2.484659e-04	5.765280e-03
4.13290000000e+02	2.574756e-04	5.860114e-03
4.21021000000e+02	2.547492e-04	5.973843e-03
4.28897000000e+02	2.606994e-04	6.083656e-03
4.36920000000e+02	2.636390e-04	6.189053e-03
4.45094000000e+02	2.804048e-04	6.310916e-03
4.53420000000e+02	2.915178e-04	6.416435e-03
4.61902000000e+02	3.007805e-04	6.534809e-03
4.70543000000e+02	3.139118e-04	6.663320e-03
4.79345000000e+02	3.155745e-04	6.783462e-03
4.88312000000e+02	3.209959e-04	6.913489e-03
4.97447000000e+02	3.306666e-04	7.040521e-03
5.06752000000e+02	3.371610e-04	7.169626e-03
5.16232000000e+02	3.471715e-04	7.284108e-03
5.25889000000e+02	3.651413e-04	7.424031e-03
5.35727000000e+02	3.738131e-04	7.562531e-03
5.45748000000e+02	3.785682e-04	7.697763e-03
5.55957000000e+02	3.934480e-04	7.839281e-03
5.66358000000e+02	4.055391e-04	7.975242e-03
5.76952000000e+02	4.174223e-04	8.132203e-03
5.87745000000e+02	4.312636e-04	8.262014e-03
5.98740000000e+02	4.443887e-04	8.425437e-03
6.09940000000e+02	4.565464e-04	8.576780e-03
6.21350000000e+02	4.647203e-04	8.739007e-03
6.32974000000e+02	4.639614e-04	8.902567e-03
6.44815000000e+02	4.989756e-04	9.060056e-03
6.56877000000e+02	5.133804e-04	9.239970e-03
6.69165000000e+02	5.327791e-04	9.386386e-03
6.81683000000e+02	5.214580e-04	9.580304e-03
6.94435000000e+02	5.530994e-04	9.747590e-03
7.07425000000e+02	5.499501e-04	9.923819e-03
7.20659000000e+02	5.872357e-04	1.009758e-02
7.34140000000e+02	6.154004e-04	1.028758e-02
7.47874000000e+02	6.243529e-04	1.046638e-02
7.61864000000e+02	6.496527e-04	1.066099e-02
7.76116000000e+02	6.596882e-04	1.085415e-02
7.90634000000e+02	6.837078e-04	1.103509e-02
8.05425000000e+02	6.928716e-04	1.126201e-02
8.20491000000e+02	7.295444e-04	1.145090e-02
8.35840000000e+02	7.254439e-04	1.166172e-02
8.51476000000e+02	7.538185e-04	1.186149e-02
8.67404000000e+02	7.712994e-04	1.208173e-02
8.83630000000e+02	8.086757e-04	1.230093e-02
9.00160000000e+02	8.226092e-04	1.252300e-02
9.16999000000e+02	8.309772e-04	1.275805e-02
9.34153000000e+02	8.640969e-04	1.299005e-02
9.51628000000e+02	9.119398e-04	1.323518e-02
9.69430000000e+02	9.350988e-04	1.345420e-02
9.87565000000e+02	9.623393e-04	1.373513e-02
1.00603900000e+03	9.725419e-04	1.394176e-02
1.02485900000e+03	9.899838e-04	1.419224e-02
1.04403000000e+03	1.034074e-03	1.447594e-02
1.06356100000e+03	1.074880e-03	1.472546e-02
1.08345700000e+03	1.097277e-03	1.497804e-02
1.10372400000e+03	1.130615e-03	1.525880e-02
1.12437200000e+03	1.191130e-03	1.553386e-02
1.14540500000e+03	1.189767e-03	1.581268e-02
1.16683200000e+03	1.237536e-03	1.607822e-02
1.18865900000e+03	1.275696e-03	1.639122e-02
1.21089500000e+03	1.330139e-03	1.665350e-02
1.23354700000e+03	1.329034e-03	1.698117e-02
1.25662300000e+03	1.398327e-03	1.726808e-02
1.28013000000e+03	1.439177e-03	1.761677e-02
1.30407700000e+03	1.453158e-03	1.789831e-02
1.32847200000e+03	1.522337e-03	1.825689e-02
1.35332300000e+03	1.539904e-03	1.862668e-02
1.37863900000e+03	1.623934e-03	1.889409e-02
1.40442900000e+03	1.669278e-03	1.923308e-02
1.43070100000e+03	1.724664e-03	1.959516e-02
1.45746500000e+03	1.700671e-03	1.993513e-02
1.48472900000e+03	1.791384e-03	2.028630e-02
1.51250400000e+03	1.872102e-03	2.065812e-02
1.54079800000e+03	1.915782e-03	2.105647e-02
1.56962100000e+03	2.000254e-03	2.135266e-02
1.59898400000e+03	2.068163e-03	2.177625e-02
1.62889500000e+03	2.034821e-03	2.211545e-02
1.65936700000e+03	2.164375e-03	2.254414e-02
1.69040800000e+03	2.157741e-03	2.295297e-02
1.72203000000e+03	2.273391e-03	2.335996e-02
1.75424300000e+03	2.276415e-03	2.379673e-02
1.78705900000e+03	2.419065e-03	2.417763e-02
1.82048900000e+03	2.411984e-03	2.466817e-02
1.85454500000e+03	2.515790e-03	2.512105e-02
1.88923700000e+03	2.601899e-03	2.552712e-02
1.92457900000e+03	2.700795e-03	2.598296e-02
1.96058100000e+03	2.788909e-03	2.641519e-02
1.99725700000e+03	2.807726e-03	2.680403e-02
2.03461900000e+03	2.869941e-03	2.736290e-02
2.07268000000e+03	2.947295e-03	2.774958e-02
2.11145300000e+03	3.112033e-03	2.837770e-02
2.15095200000e+03	3.147363e-03	2.881247e-02
2.19118900000e+03	3.342163e-03	2.926935e-02
2.23217900000e+03	3.367219e-03	2.988601e-02
2.27393600000e+03	3.413565e-03	3.031080e-02
2.31647300000e+03	3.585832e-03	3.090857e-02
2.35980700000e+03	3.706302e-03	3.137327e-02
2.40395100000e+03	3.802603e-03	3.200791e-02
2.44892100000e+03	3.918566e-03	3.253021e-02
2.49473200000e+03	4.008553e-03	3.310006e-02
2.54140100000e+03	4.125821e-03	3.366781e-02
2.58894200000e+03	4.152851e-03	3.434008e-02
2.63737300000e+03	4.315408e-03	3.493429e-02
2.68670900000e+03	4.424251e-03	3.546799e-02
2.73696900000e+03	4.578824e-03	3.605833e-02
2.78816800000e+03	4.742602e-03	3.678843e-02
2.84032600000e+03	4.936088e-03	3.737092e-02
2.89345900000e+03	4.995933e-03	3.811488e-02
2.94758600000e+03	5.111981e-03	3.860475e-02
3.00272600000e+03	5.365435e-03	3.945343e-02
3.05889700000e+03	5.480004e-03	4.009015e-02
3.11611900000e+03	5.666941e-03	4.074698e-02
3.17441100000e+03	5.691556e-03	4.144897e-02
3.23379400000e+03	5.792235e-03	4.210294e-02
3.29428700000e+03	6.067446e-03	4.271543e-02
3.35591300000e+03	6.325494e-03	4.353218e-02
3.41869100000e+03	6.274470e-03	4.440713e-02
3.48264300000e+03	6.536999e-03	4.510723e-02
3.54779200000e+03	6.693874e-03	4.596928e-02
3.61415900000e+03	6.878272e-03	4.680339e-02
3.68176800000e+03	7.021804e-03	4.748324e-02
3.75064200000e+03	7.366446e-03	4.826664e-02
3.82080400000e+03	7.565259e-03	4.920964e-02
3.89227900000e+03	7.724850e-03	5.001857e-02
3.96509100000e+03	8.023927e-03	5.091293e-02
4.03926400000e+03	8.110366e-03	5.177965e-02
4.11482600000e+03	8.391969e-03	5.252548e-02
4.19180100000e+03	8.560225e-03	5.339923e-02
4.27021500000e+03	8.814090e-03	5.430093e-02
4.35009700000e+03	8.989179e-03	5.528618e-02
4.43147300000e+03	9.285666e-03	5.638171e-02
4.51437100000e+03	9.539416e-03	5.720499e-02
4.59882000000e+03	9.787133e-03	5.829577e-02
4.68484900000e+03	1.029842e-02	5.921538e-02
4.77248700000e+03	1.035266e-02	6.019058e-02
4.86176500000e+03	1.057909e-02	6.126253e-02
4.95271200000e+03	1.091909e-02	6.219404e-02
5.04536100000e+03	1.119698e-02	6.320488e-02
5.13974400000e+03	1.177569e-02	6.434783e-02
5.23589100000e+03	1.176228e-02	6.527727e-02
5.33383700000e+03	1.235615e-02	6.649825e-02
5.43361600000e+03	1.256348e-02	6.746785e-02
5.53526100000e+03	1.279250e-02	6.872128e-02
5.63880800000e+03	1.336206e-02	6.992435e-02
5.74429100000e+03	1.364043e-02	7.098641e-02
5.85174800000e+03	1.391856e-02	7.197171e-02
5.96121500000e+03	1.450481e-02	7.333878e-02
6.07273000000e+03	1.474731e-02	7.482633e-02
6.18633000000e+03	1.533403e-02	7.593735e-02
6.30205600000e+03	1.562518e-02	7.702716e-02
6.41994700000e+03	1.614786e-02	7.847626e-02
6.54004300000e+03	1.642097e-02	7.987124e-02
6.66238600000e+03	1.713041e-02	8.105282e-02
6.78701700000e+03	1.743466e-02	8.251442e-02
6.91398000000e+03	1.812442e-02	8.393972e-02
7.04331800000e+03	1.847848e-02	8.489117e-02
7.17507500000e+03	1.883766e-02	8.663122e-02
7.30929700000e+03	1.941986e-02	8.795686e-02
7.44603000000e+03	1.993379e-02	8.958152e-02
7.58532000000e+03	2.004464e-02	9.088852e-02
7.72721700000e+03	2.121507e-02	9.234212e-02
7.87176800000e+03	2.152080e-02	9.372897e-02
8.01902200000e+03	2.210026e-02	9.581549e-02
8.16903200000e+03	2.255679e-02	9.731922e-02
8.32184800000e+03	2.367695e-02	9.881773e-02
8.47752200000e+03	2.389939e-02	1.002479e-01
8.63610900000e+03	2.467482e-02	1.019068e-01
8.79766200000e+03	2.535611e-02	1.035280e-01
8.96223700000e+03	2.600395e-02	1.055624e-01
9.12989100000e+03	2.662366e-02	1.070457e-01
9.30068100000e+03	2.739484e-02	1.083675e-01
9.47466600000e+03	2.797717e-02	1.104640e-01
9.65190600000e+03	2.876990e-02	1.124526e-01
9.83246100000e+03	2.998641e-02	1.138999e-01
1.00163940000e+04	3.061439e-02	1.156612e-01
1.02037680000e+04	3.165780e-02	1.174143e-01
1.03946470000e+04	3.222060e-02	1.196496e-01
1.05890970000e+04	3.296254e-02	1.213663e-01
1.07871840000e+04	3.408998e-02	1.230335e-01
1.09889770000e+04	3.482724e-02	1.252781e-01
1.11945440000e+04	3.588209e-02	1.268438e-01
1.14039570000e+04	3.701827e-02	1.295588e-01
1.16172880000e+04	3.813780e-02	1.311951e-01
1.18346090000e+04	3.876862e-02	1.332821e-01
1.20559960000e+04	4.012243e-02	1.353950e-01
1.22815240000e+04	4.128927e-02	1.376444e-01
1.25112700000e+04	4.228636e-02	1.392580e-01
1.27453150000e+04	4.294742e-02	1.416009e-01
1.29837380000e+04	4.432487e-02	1.437430e-01
1.32266210000e+04	4.593202e-02	1.458091e-01
1.34740470000e+04	4.720589e-02	1.480473e-01
1.37261030000e+04	4.859575e-02	1.502588e-01
1.39828730000e+04	5.011153e-02	1.529296e-01
1.42444460000e+04	5.104269e-02	1.547021e-01
1.45109130000e+04	5.256871e-02	1.568148e-01
1.47823640000e+04	5.384528e-02	1.596936e-01
1.50588940000e+04	5.517973e-02	1.622258e-01
1.53405960000e+04	5.687838e-02	1.642352e-01
1.56275680000e+04	5.841664e-02	1.665268e-01
1.59199080000e+04	5.971046e-02	1.692376e-01
1.62177180000e+04	6.082845e-02	1.716230e-01
1.65210980000e+04	6.299745e-02	1.741685e-01
1.68301530000e+04	6.550467e-02	1.761388e-01
1.71449900000e+04	6.696384e-02	1.790360e-01
1.74657160000e+04	6.830683e-02	1.825973e-01
1.77924420000e+04	7.035087e-02	1.843192e-01
1.81252800000e+04	7.251041e-02	1.865462e-01
1.84643440000e+04	7.407306e-02	1.892914e-01
1.88097520000e+04	7.605789e-02	1.926287e-01
1.91616200000e+04	7.764052e-02	1.949452e-01
1.95200710000e+04	8.061524e-02	1.985639e-01
1.98852270000e+04	8.257344e-02	2.001003e-01
2.02572140000e+04	8.432388e-02	2.037282e-01
2.06361600000e+04	8.689575e-02	2.058180e-01
2.10221950000e+04	8.944689e-02	2.082745e-01
2.14154510000e+04	9.119063e-02	2.112997e-01
2.18160630000e+04	9.452493e-02	2.142090e-01
2.22241700000e+04	9.622632e-02	2.172312e-01
2.26399110000e+04	9.887428e-02	2.197257e-01
2.30634290000e+04	1.009327e-01	2.231091e-01
2.34948700000e+04	1.043307e-01	2.249814e-01
2.39343820000e+04	1.072872e-01	2.281474e-01
2.43821150000e+04	1.100093e-01	2.313638e-01
2.48382240000e+04	1.134634e-01	2.333606e-01
2.53028660000e+04	1.147077e-01	2.369079e-01
2.57761990000e+04	1.196957e-01	2.390307e-01
2.62583870000e+04	1.216529e-01	2.426311e-01
2.67495950000e+04	1.247720e-01	2.447612e-01
2.72499920000e+04	1.285241e-01	2.479765e-01
2.77597490000e+04	1.319062e-01	2.509754e-01
2.82790430000e+04	1.346458e-01	2.542143e-01
2.88080510000e+04	1.383603e-01	2.563805e-01
2.93469550000e+04	1.419550e-01	2.600278e-01
2.98959390000e+04	1.449066e-01	2.623620e-01
3.04551940000e+04	1.488015e-01	2.652182e-01
3.10249110000e+04	1.531269e-01	2.677473e-01
3.16052840000e+04	1.563232e-01	2.704153e-01
3.21965150000e+04	1.598688e-01	2.733125e-01
3.27988060000e+04	1.637778e-01	2.752974e-01
3.34123640000e+04	1.685642e-01	2.792875e-01
3.40373990000e+04	1.717219e-01	2.813463e-01
3.46741270000e+04	1.764180e-01	2.855287e-01
3.53227660000e+04	1.808817e-01	2.863940e-01
3.59835380000e+04	1.853022e-01	2.904343e-01
3.66566720000e+04	1.900076e-01	2.919965e-01
3.73423970000e+04	1.934364e-01	2.950656e-01
3.80409510000e+04	1.988454e-01	2.970365e-01
3.87525720000e+04	2.022448e-01	2.999745e-01
3.94775050000e+04	2.083054e-01	3.028496e-01
4.02159990000e+04	2.125228e-01	3.051530e-01
4.09683080000e+04	2.170196e-01	3.066655e-01
4.17346900000e+04	2.223871e-01	3.096685e-01
4.25154090000e+04	2.268068e-01	3.118517e-01
4.33107320000e+04	2.314652e-01	3.127314e-01
4.41209330000e+04	2.374305e-01	3.157356e-01
4.49462910000e+04	2.417173e-01	3.173874e-01
4.57870880000e+04	2.482424e-01	3.201500e-01
4.66436130000e+04	2.527681e-01	3.215041e-01
4.75161620000e+04	2.583647e-01	3.233162e-01
4.84050330000e+04	2.636999e-01	3.249097e-01
4.93105320000e+04	2.688243e-01	3.269971e-01
5.02329690000e+04	2.755408e-01	3.287731e-01
5.11726630000e+04	2.802008e-01	3.305356e-01
5.21299350000e+04	2.861020e-01	3.315721e-01
5.31051140000e+04	2.910735e-01	3.328980e-01
5.40985360000e+04	2.976790e-01	3.343666e-01
5.51105420000e+04	3.038749e-01	3.350594e-01
5.61414780000e+04	3.084086e-01	3.369282e-01
5.71917010000e+04	3.148507e-01	3.382613e-01
5.82615690000e+04	3.210218e-01	3.394799e-01
5.93514510000e+04	3.274182e-01	3.388436e-01
6.04617220000e+04	3.323655e-01	3.396250e-01
6.15927610000e+04	3.385164e-01	3.408018e-01
6.27449590000e+04	3.435473e-01	3.407650e-01
6.39187110000e+04	3.511339e-01	3.424228e-01
6.51144190000e+04	3.560865e-01	3.422371e-01
6.63324960000e+04	3.634127e-01	3.421317e-01
6.75733580000e+04	3.696429e-01	3.436720e-01
6.88374340000e+04	3.750447e-01	3.430401e-01
7.01251550000e+04	3.800349e-01	3.429456e-01
7.14369660000e+04	3.869979e-01	3.419269e-01
7.27733170000e+04	3.934897e-01	3.422791e-01
7.41346660000e+04	3.998473e-01	3.424710e-01
7.55214810000e+04	4.053156e-01	3.419626e-01
7.69342400000e+04	4.108591e-01	3.404073e-01
7.83734260000e+04	4.168963e-01	3.408934e-01
7.98395350000e+04	4.234235e-01	3.397852e-01
8.13330690000e+04	4.286687e-01	3.391565e-01
8.28545430000e+04	4.355298e-01	3.383366e-01
8.44044790000e+04	4.416226e-01	3.374838e-01
8.59834090000e+04	4.467461e-01	3.361388e-01
8.75918760000e+04	4.523241e-01	3.354225e-01
8.92304310000e+04	4.596315e-01	3.340815e-01
9.08996390000e+04	4.648723e-01	3.323311e-01
9.26000720000e+04	4.700193e-01	3.317622e-01
9.43323140000e+04	4.756846e-01	3.281885e-01
9.60969610000e+04	4.810581e-01	3.274829e-01
9.78946190000e+04	4.875586e-01	3.272352e-01
9.97259050000e+04	4.922321e-01	3.251700e-01
1.01591449000e+05	4.984139e-01	3.230281e-01
1.03491890000e+05	5.031937e-01	3.208632e-01
1.05427883000e+05	5.088762e-01	3.189692e-01
1.07400091000e+05	5.130477e-01	3.172078e-01
1.09409193000e+05	5.195611e-01	3.134174e-01
1.11455879000e+05	5.238162e-01	3.121526e-01
1.13540852000e+05	5.295883e-01	3.102351e-01
1.15664827000e+05	5.351676e-01	3.066284e-01
1.17828536000e+05	5.400020e-01	3.053704e-01
1.20032720000e+05	5.452201e-01	3.025711e-01
1.22278137000e+05	5.500792e-01	2.998330e-01
1.24565558000e+05	5.541428e-01	2.974556e-01
1.26895769000e+05	5.593598e-01	2.941708e-01
1.29269572000e+05	5.632682e-01	2.911901e-01
1.31687780000e+05	5.680273e-01	2.888897e-01
1.34151225000e+05	5.732235e-01	2.865869e-01
1.36660752000e+05	5.767197e-01	2.841156e-01
1.39217225000e+05	5.816117e-01	2.820757e-01
1.41821521000e+05	5.856147e-01	2.795581e-01
1.44474535000e+05	5.906591e-01	2.761769e-01
1.47177178000e+05	5.952955e-01	2.738245e-01
1.49930378000e+05	5.992662e-01	2.709116e-01
1.52735082000e+05	6.027594e-01	2.685087e-01
1.55592253000e+05	6.079491e-01	2.648464e-01
1.58502871000e+05	6.104509e-01	2.624552e-01
1.61467938000e+05	6.142686e-01	2.588650e-01
1.64488472000e+05	6.178261e-01	2.566259e-01
1.67565510000e+05	6.207592e-01	2.543814e-01
1.70700109000e+05	6.249804e-01	2.502429e-01
1.73893346000e+05	6.286755e-01	2.458056e-01
1.77146318000e+05	6.300178e-01	2.450476e-01
1.80460142000e+05	6.350123e-01	2.413097e-01
1.83835957000e+05	6.382369e-01	2.374310e-01
1.87274923000e+05	6.422284e-01	2.352209e-01
1.90778220000e+05	6.452841e-01	2.316826e-01
1.94347053000e+05	6.474168e-01	2.294165e-01
1.97982646000e+05	6.498284e-01	2.266852e-01
2.01686250000e+05	6.540628e-01	2.224091e-01
2.05459135000e+05	6.560645e-01	2.188813e-01
2.09302599000e+05	6.592700e-01	2.159526e-01
2.13217962000e+05	6.611929e-01	2.138455e-01
2.17206568000e+05	6.638690e-01	2.109227e-01
2.21269788000e+05	6.661464e-01	2.068939e-01
2.25409017000e+05	6.689269e-01	2.037678e-01
2.29625678000e+05	6.710486e-01	2.021130e-01
2.33921218000e+05	6.739877e-01	1.990507e-01
2.38297114000e+05	6.757814e-01	1.949835e-01
2.42754869000e+05	6.777979e-01	1.927443e-01
2.47296013000e+05	6.805720e-01	1.892492e-01
2.51922107000e+05	6.827707e-01	1.857011e-01
2.56634741000e+05	6.849059e-01	1.825219e-01
2.61435532000e+05	6.853725e-01	1.803595e-01
2.66326130000e+05	6.887115e-01	1.769304e-01
2.71308215000e+05	6.908394e-01	1.746873e-01
2.76383499000e+05	6.937347e-01	1.711363e-01
2.81553724000e+05	6.962592e-01	1.679524e-01
2.86820667000e+05	6.936467e-01	1.651427e-01
2.92186138000e+05	6.981313e-01	1.643084e-01
2.97651978000e+05	7.020842e-01	1.617761e-01
3.03220067000e+05	7.008931e-01	1.566056e-01
3.08892316000e+05	7.034931e-01	1.550414e-01
3.14670675000e+05	7.017239e-01	1.505472e-01
3.20557127000e+05	7.063701e-01	1.492048e-01
3.26553695000e+05	7.074529e-01	1.475428e-01
3.32662440000e+05	7.082511e-01	1.404911e-01
3.38885459000e+05	7.086162e-01	1.405719e-01
3.45224890000e+05	7.100279e-01	1.395149e-01
3.51682912000e+05	7.129562e-01	1.323377e-01
3.58261741000e+05	7.142121e-01	1.324056e-01
3.64963639000e+05	7.157227e-01	1.302661e-01
3.71790907000e+05	7.172934e-01	1.270293e-01
3.78745891000e+05	7.163423e-01	1.230346e-01
3.85830980000e+05	7.203650e-01	1.238806e-01
3.93048607000e+05	7.219371e-01	1.183207e-01
4.00401253000e+05	7.188984e-01	1.171486e-01
4.07891442000e+05	7.226431e-01	1.173360e-01
4.15521748000e+05	7.232002e-01	1.113517e-01
4.23294792000e+05	7.249180e-01	1.085654e-01
4.31213244000e+05	7.244700e-01	1.061348e-01
4.39279824000e+05	7.255439e-01	1.043112e-01
4.47497303000e+05	7.282503e-01	1.036076e-01
4.55868505000e+05	7.271623e-01	1.023556e-01
4.64396304000e+05	7.293481e-01	9.815847e-02
4.73083630000e+05	7.293739e-01	9.441021e-02
4.81933467000e+05	7.318185e-01	9.237315e-02
4.90948855000e+05	7.327619e-01	9.081596e-02
5.00132892000e+05	7.333162e-01	9.020281e-02
5.09488732000e+05	7.342234e-01	8.489188e-02
5.19019589000e+05	7.330874e-01	8.334686e-02
5.28728737000e+05	7.326019e-01	8.148263e-02
5.38619511000e+05	7.357408e-01	8.165690e-02
5.48695309000e+05	7.378723e-01	7.682695e-02
5.58959592000e+05	7.364882e-01	7.434039e-02
5.69415885000e+05	7.375872e-01	7.279180e-02
5.80067782000e+05	7.373385e-01	6.830048e-02
5.90918941000e+05	7.362866e-01	6.909137e-02
6.01973089000e+05	7.370789e-01	6.640194e-02
6.13234023000e+05	7.386991e-01	6.608910e-02
6.24705613000e+05	7.403516e-01	6.092079e-02
6.36391799000e+05	7.408568e-01	5.783521e-02
6.48296594000e+05	7.398409e-01	5.722930e-02
6.60424089000e+05	7.420131e-01	5.907323e-02
6.72778450000e+05	7.412237e-01	5.240254e-02
6.85363919000e+05	7.409631e-01	5.058793e-02
6.98184822000e+05	7.425352e-01	5.022516e-02
7.11245562000e+05	7.412618e-01	4.746860e-02
7.24550625000e+05	7.426043e-01	4.340423e-02
7.38104581000e+05	7.422552e-01	4.206518e-02
7.51912088000e+05	7.444870e-01	4.214014e-02
7.65977888000e+05	7.443917e-01	3.953757e-02
7.80306813000e+05	7.465414e-01	3.965551e-02
7.94903784000e+05	7.454804e-01	3.343869e-02
8.09773817000e+05	7.470279e-01	3.456741e-02
8.24922019000e+05	7.478213e-01	3.098084e-02
8.40353595000e+05	7.462140e-01	2.985666e-02
8.56073844000e+05	7.461081e-01	2.757953e-02
8.72088167000e+05	7.482743e-01	2.250406e-02
8.88402066000e+05	7.487506e-01	2.077563e-02
9.05021144000e+05	7.442907e-01	1.992131e-02
9.21951110000e+05	7.468385e-01	1.824945e-02
9.39197780000e+05	7.467304e-01	1.446869e-02
9.56767078000e+05	7.437866e-01	1.508202e-02
9.74665041000e+05	7.463881e-01	1.118512e-02
9.92897815000e+05	7.461453e-01	1.215127e-02
1.01147166400e+06	7.472362e-01	5.242382e-03
1.03039296900e+06	7.479056e-01	5.782479e-03
1.04966822900e+06	7.483096e-01	4.328148e-03
1.06930406600e+06	7.456538e-01	1.972750e-03
1.08930722500e+06	7.471369e-01	-4.353878e-04
1.10968457700e+06	7.474667e-01	3.668271e-03
1.13044312200e+06	7.485935e-01	-1.159137e-03
1.15158999200e+06	7.448448e-01	-2.181720e-03
1.17313244900e+06	7.469251e-01	-5.983351e-03
1.19507789500e+06	7.483613e-01	-6.884060e-03
1.21743386800e+06	7.451835e-01	-1.157438e-02
1.24020804800e+06	7.459906e-01	-8.402258e-03
1.26340825800e+06	7.474681e-01	-1.602453e-02
1.28704246700e+06	7.469398e-01	-1.851580e-02
1.31111879400e+06	7.472305e-01	-2.108495e-02
1.33564551100e+06	7.478463e-01	-2.199681e-02
1.36063104100e+06	7.462872e-01	-2.389926e-02
1.38608396800e+06	7.455027e-01	-2.515345e-02
1.41201303600e+06	7.463895e-01	-2.583039e-02
1.43842715200e+06	7.456470e-01	-3.008065e-02
1.46533538800e+06	7.472872e-01	-3.182755e-02
1.49274698900e+06	7.470834e-01	-3.402444e-02
1.52067137100e+06	7.466257e-01	-3.703492e-02
1.54911812600e+06	7.444599e-01	-3.928190e-02
1.57809702700e+06	7.434569e-01	-3.706660e-02
1.60761802700e+06	7.442563e-01	-4.485475e-02
1.63769126700e+06	7.476869e-01	-4.873644e-02
1.66832708000e+06	7.426803e-01	-4.886825e-02
1.69953598700e+06	7.423247e-01	-5.079213e-02
1.73132871000e+06	7.427792e-01	-5.054264e-02
1.76371617100e+06	7.403551e-01	-5.348399e-02
1.79670949400e+06	7.432683e-01	-5.760020e-02
1.83032001300e+06	7.387487e-01	-5.520410e-02
1.86455927500e+06	7.392139e-01	-6.030696e-02
1.89943904100e+06	7.384214e-01	-5.896565e-02
1.93497129200e+06	7.392328e-01	-6.441959e-02
1.97116823500e+06	7.394841e-01	-6.882218e-02
2.00804230300e+06	7.359864e-01	-6.729026e-02
2.04560616400e+06	7.379203e-01	-7.137692e-02
2.08387272100e+06	7.395244e-01	-7.213833e-02
2.12285511900e+06	7.370414e-01	-7.285596e-02
2.16256675000e+06	7.365428e-01	-7.627863e-02
2.20302125400e+06	7.367113e-01	-8.069560e-02
2.24423252900e+06	7.333888e-01	-8.369519e-02
2.28621473200e+06	7.333551e-01	-8.794826e-02
2.32898228300e+06	7.299612e-01	-8.499032e-02
2.37254987400e+06	7.328579e-01	-8.713436e-02
2.41693247200e+06	7.295549e-01	-8.940210e-02
2.46214532100e+06	7.305983e-01	-9.518243e-02
2.50820395400e+06	7.275544e-01	-9.313325e-02
2.55512419300e+06	7.226617e-01	-9.691679e-02
2.60292215500e+06	7.240951e-01	-9.854388e-02
2.65161425900e+06	7.219916e-01	-1.032462e-01
2.70121723300e+06	7.237898e-01	-1.040091e-01
2.75174811400e+06	7.217249e-01	-1.075640e-01
2.80322426300e+06	7.210134e-01	-1.079596e-01
2.85566336000e+06	7.200539e-01	-1.117287e-01
2.90908342000e+06	7.188814e-01	-1.147820e-01
2.96350279400e+06	7.160605e-01	-1.193936e-01
3.01894017500e+06	7.174602e-01	-1.185456e-01
3.07541460700e+06	7.162980e-01	-1.221441e-01
3.13294549000e+06	7.138163e-01	-1.244160e-01
3.19155258600e+06	7.132304e-01	-1.265623e-01
3.25125602800e+06	7.120329e-01	-1.297228e-01
3.31207632400e+06	7.103109e-01	-1.315744e-01
3.37403436900e+06	7.087006e-01	-1.345236e-01
3.43715144400e+06	7.063138e-01	-1.368840e-01
3.50144923200e+06	7.037678e-01	-1.371325e-01
3.56694982000e+06	7.032378e-01	-1.424728e-01
3.63367570800e+06	7.022585e-01	-1.416262e-01
3.70164981800e+06	6.997370e-01	-1.459347e-01
3.77089550000e+06	6.998895e-01	-1.487752e-01
3.84143654100e+06	6.965973e-01	-1.527617e-01
3.91329717200e+06	6.977870e-01	-1.545883e-01
3.98650207900e+06	6.959915e-01	-1.556067e-01
4.06107640900e+06	6.926880e-01	-1.608662e-01
4.13704577900e+06	6.913686e-01	-1.628504e-01
4.21443628600e+06	6.908788e-01	-1.642101e-01
4.29327451400e+06	6.875472e-01	-1.672533e-01
4.37358754600e+06	6.866235e-01	-1.710294e-01
4.45540297100e+06	6.833874e-01	-1.737424e-01
4.53874889300e+06	6.813157e-01	-1.751504e-01
4.62365394300e+06	6.787316e-01	-1.784063e-01
4.71014728600e+06	6.771438e-01	-1.812391e-01
4.79825863600e+06	6.749454e-01	-1.836096e-01
4.88801825800e+06	6.735050e-01	-1.862468e-01
4.97945698800e+06	6.703308e-01	-1.901050e-01
5.07260623500e+06	6.679610e-01	-1.903400e-01
5.16749799800e+06	6.646022e-01	-1.922386e-01
5.26416487400e+06	6.642944e-01	-1.954818e-01
5.36264006800e+06	6.597511e-01	-1.997941e-01
5.46295740900e+06	6.590746e-01	-2.036274e-01
5.56515135800e+06	6.558779e-01	-2.050495e-01
5.66925701900e+06	6.530127e-01	-2.087718e-01
5.77531015400e+06	6.507561e-01	-2.110500e-01
5.88334719300e+06	6.492198e-01	-2.149619e-01
5.99340525100e+06	6.455185e-01	-2.171758e-01
6.10552213200e+06	6.422502e-01	-2.191057e-01
6.21973635100e+06	6.400321e-01	-2.219094e-01
6.33608714200e+06	6.368182e-01	-2.246315e-01
6.45461447300e+06	6.344487e-01	-2.261570e-01
6.57535906100e+06	6.296701e-01	-2.293184e-01
6.69836238200e+06	6.297789e-01	-2.332142e-01
6.82366669000e+06	6.246225e-01	-2.361945e-01
6.95131503000e+06	6.209735e-01	-2.377998e-01
7.08135124900e+06	6.189880e-01	-2.402984e-01
7.21382001800e+06	6.156355e-01	-2.433412e-01
7.34876684200e+06	6.116466e-01	-2.457735e-01
7.48623807700e+06	6.077864e-01	-2.483611e-01
7.62628094600e+06	6.052386e-01	-2.525275e-01
7.76894355600e+06	6.016768e-01	-2.551843e-01
7.91427491300e+06	5.979053e-01	-2.571319e-01
8.06232494200e+06	5.936499e-01	-2.590821e-01
8.21314450000e+06	5.898587e-01	-2.625205e-01
8.36678539400e+06	5.857463e-01	-2.644805e-01
8.52330040500e+06	5.832573e-01	-2.678877e-01
8.68274329600e+06	5.786148e-01	-2.713370e-01
8.84516883800e+06	5.738184e-01	-2.723437e-01
9.01063282800e+06	5.713252e-01	-2.748003e-01
9.17919210400e+06	5.671270e-01	-2.766910e-01
9.35090456900e+06	5.638840e-01	-2.802931e-01
9.52582920900e+06	5.594409e-01	-2.827331e-01
9.70402611300e+06	5.555337e-01	-2.849804e-01
9.88555649500e+06	5.490537e-01	-2.875643e-01
1.00704827130e+07	5.465097e-01	-2.912345e-01
1.02588682910e+07	5.413356e-01	-2.930675e-01
1.04507779430e+07	5.352958e-01	-2.954438e-01
1.06462775940e+07	5.343878e-01	-2.969284e-01
1.08454343980e+07	5.270298e-01	-2.994765e-01
1.10483167720e+07	5.220452e-01	-3.020200e-01
1.12549944060e+07	5.178813e-01	-3.034441e-01
1.14655382990e+07	5.134374e-01	-3.056876e-01
1.16800207740e+07	5.066261e-01	-3.066470e-01
1.18985155110e+07	5.022158e-01	-3.093532e-01
1.21210975650e+07	4.971461e-01	-3.117948e-01
1.23478433960e+07	4.933718e-01	-3.122649e-01
1.25788308950e+07	4.878250e-01	-3.142319e-01
1.28141394100e+07	4.802610e-01	-3.156419e-01
1.30538497730e+07	4.765559e-01	-3.161261e-01
1.32980443270e+07	4.714462e-01	-3.204085e-01
1.35468069580e+07	4.646516e-01	-3.225814e-01
1.38002231190e+07	4.587371e-01	-3.226242e-01
1.40583798610e+07	4.539620e-01	-3.244261e-01
1.43213658660e+07	4.484919e-01	-3.257868e-01
1.45892714740e+07	4.435697e-01	-3.278095e-01
1.48621887140e+07	4.383216e-01	-3.272032e-01
1.51402113360e+07	4.336487e-01	-3.276612e-01
1.54234348470e+07	4.265319e-01	-3.306168e-01
1.57119565370e+07	4.218282e-01	-3.300970e-01
1.60058755190e+07	4.164568e-01	-3.325959e-01
1.63052927560e+07	4.106903e-01	-3.310189e-01
1.66103111050e+07	4.054074e-01	-3.340826e-01
1.69210353420e+07	3.994440e-01	-3.325101e-01
1.72375722070e+07	3.944043e-01	-3.334527e-01
1.75600304350e+07	3.873115e-01	-3.346440e-01
1.78885207950e+07	3.816833e-01	-3.340553e-01
1.82231561280e+07	3.760923e-01	-3.342922e-01
1.85640513860e+07	3.709611e-01	-3.339137e-01
1.89113236730e+07	3.647348e-01	-3.348621e-01
1.92650922800e+07	3.580001e-01	-3.331680e-01
1.96254787340e+07	3.530699e-01	-3.353672e-01
1.99926068310e+07	3.471529e-01	-3.338869e-01
2.03666026870e+07	3.418243e-01	-3.349591e-01
2.07475947740e+07	3.362371e-01	-3.328126e-01
2.11357139690e+07	3.306942e-01	-3.323195e-01
2.15310935960e+07	3.248357e-01	-3.322584e-01
2.19338694740e+07	3.186214e-01	-3.325655e-01
2.23441799630e+07	3.129469e-01	-3.313634e-01
2.27621660100e+07	3.066635e-01	-3.296098e-01
2.31879712010e+07	3.015246e-01	-3.286100e-01
2.36217418040e+07	2.960577e-01	-3.285331e-01
2.40636268280e+07	2.905932e-01	-3.272496e-01
2.45137780650e+07	2.842107e-01	-3.256891e-01
2.49723501510e+07	2.789166e-01	-3.245059e-01
2.54395006100e+07	2.739518e-01	-3.231083e-01
2.59153899160e+07	2.687736e-01	-3.213093e-01
2.64001815450e+07	2.629841e-01	-3.205025e-01
2.68940420290e+07	2.579145e-01	-3.179231e-01
2.73971410170e+07	2.522992e-01	-3.167804e-01
2.79096513310e+07	2.467480e-01	-3.141893e-01
2.84317490250e+07	2.418452e-01	-3.141116e-01
2.89636134490e+07	2.365006e-01	-3.120070e-01
2.95054273050e+07	2.314459e-01	-3.095677e-01
3.00573767140e+07	2.261586e-01	-3.080628e-01
3.06196512800e+07	2.220365e-01	-3.058303e-01
3.11924441520e+07	2.163990e-01	-3.033881e-01
3.17759520930e+07	2.122373e-01	-3.017594e-01
3.23703755460e+07	2.070063e-01	-2.990791e-01
3.29759187060e+07	2.024225e-01	-2.965466e-01
3.35927895840e+07	1.981055e-01	-2.943441e-01
3.42212000850e+07	1.925804e-01	-2.925229e-01
3.48613660790e+07	1.885413e-01	-2.896742e-01
3.55135074700e+07	1.841823e-01	-2.876853e-01
3.61778482800e+07	1.798767e-01	-2.844960e-01
3.68546167200e+07	1.752028e-01	-2.828545e-01
3.75440452690e+07	1.708624e-01	-2.803631e-01
3.82463707560e+07	1.668044e-01	-2.769313e-01
3.89618344410e+07	1.627287e-01	-2.743959e-01
3.96906820970e+07	1.586088e-01	-2.716304e-01
4.04331640920e+07	1.551619e-01	-2.695664e-01
4.11895354820e+07	1.508120e-01	-2.662521e-01
4.19600560900e+07	1.468729e-01	-2.634149e-01
4.27449906010e+07	1.431472e-01	-2.608074e-01
4.35446086540e+07	1.398997e-01	-2.582802e-01
4.43591849280e+07	1.359246e-01	-2.556747e-01
4.51889992420e+07	1.329566e-01	-2.528814e-01
4.60343366500e+07	1.294177e-01	-2.500582e-01
4.68954875380e+07	1.259362e-01	-2.465425e-01
4.77727477250e+07	1.228739e-01	-2.437566e-01
4.86664185610e+07	1.191935e-01	-2.409014e-01
4.95768070360e+07	1.162776e-01	-2.384010e-01
5.05042258830e+07	1.132865e-01	-2.352833e-01
5.14489936840e+07	1.104590e-01	-2.323867e-01
5.24114349790e+07	1.076675e-01	-2.296323e-01
5.33918803830e+07	1.047986e-01	-2.269026e-01
5.43906666920e+07	1.018081e-01	-2.241856e-01
5.54081370050e+07	9.896933e-02	-2.210167e-01
5.64446408380e+07	9.650587e-02	-2.182352e-01
5.75005342460e+07	9.399082e-02	-2.153541e-01
5.85761799430e+07	9.124342e-02	-2.126724e-01
5.96719474300e+07	8.891043e-02	-2.098098e-01
6.07882131190e+07	8.664541e-02	-2.069148e-01
6.19253604650e+07	8.422725e-02	-2.038600e-01
6.30837800930e+07	8.197846e-02	-2.012181e-01
6.42638699390e+07	7.974861e-02	-1.981582e-01
6.54660353810e+07	7.744202e-02	-1.957744e-01
6.66906893810e+07	7.537948e-02	-1.930276e-01
6.79382526260e+07	7.335401e-02	-1.904298e-01
6.92091536720e+07	7.137822e-02	-1.877593e-01
7.05038290920e+07	6.939822e-02	-1.850244e-01
7.18227236270e+07	6.777370e-02	-1.825275e-01
7.31662903370e+07	6.592146e-02	-1.797523e-01
7.45349907570e+07	6.420371e-02	-1.771090e-01
7.59292950560e+07	6.241580e-02	-1.745324e-01
7.73496821980e+07	6.071154e-02	-1.718430e-01
7.87966401080e+07	5.918996e-02	-1.694714e-01
8.02706658360e+07	5.762623e-02	-1.669379e-01
8.17722657330e+07	5.609953e-02	-1.643280e-01
8.33019556210e+07	5.454385e-02	-1.619389e-01
8.48602609700e+07	5.321262e-02	-1.593672e-01
8.64477170830e+07	5.171068e-02	-1.569139e-01
8.80648692730e+07	5.037202e-02	-1.546510e-01
8.97122730570e+07	4.916522e-02	-1.522805e-01
9.13904943420e+07	4.774993e-02	-1.497795e-01
9.31001096230e+07	4.669589e-02	-1.474898e-01
9.48417061770e+07	4.550409e-02	-1.452558e-01
9.66158822700e+07	4.433862e-02	-1.429635e-01
9.84232473560e+07	4.326024e-02	-1.409115e-01
1.00264422293e+08	4.207676e-02	-1.387435e-01
1.02140039551e+08	4.109465e-02	-1.365955e-01
1.04050743434e+08	4.005228e-02	-1.343980e-01
1.05997190296e+08	3.898431e-02	-1.322588e-01
1.07980048771e+08	3.791496e-02	-1.303697e-01
1.10000000000e+08	3.707309e-02	-1.282753e-01
