4294A REV1.11
"DATE:     12 -100"


"MEASURE PARAMETER: IMPEDANCE - ADMITTANCE"
"ADAPTER: NONE"
"SWEEP TYPE: LIN FREQ"
"NUMBER of POINTS: 201"
"POINT DELAY TIME:  0 Sec"
"SWEEP DELAY TIME:  0 Sec"
"OSC LEVEL:  10 mVolt"
"DC BIAS:  5 Volt"
"BW: 2"
"SWEEP AVERAGING: OFF"
"POINT AVERAGING: OFF"


"TRACE: A"

"Frequency"	"Data Trace Real"	"Data Trace Imag"
4.00000000000e+01	3.258627e+01	-3.798318e+03
5.39800000000e+02	1.035947e+01	-2.874318e+02
1.03960000000e+03	7.733780e+00	-1.515142e+02
1.53940000000e+03	6.743476e+00	-1.031694e+02
2.03920000000e+03	5.898972e+00	-7.846617e+01
2.53900000000e+03	5.471774e+00	-6.359351e+01
3.03880000000e+03	4.931323e+00	-5.363049e+01
3.53860000000e+03	4.753528e+00	-4.623335e+01
4.03840000000e+03	4.469028e+00	-4.075250e+01
4.53820000000e+03	4.138103e+00	-3.636299e+01
5.03800000000e+03	4.002446e+00	-3.289524e+01
5.53780000000e+03	3.880260e+00	-3.018952e+01
6.03760000000e+03	3.790613e+00	-2.769472e+01
6.53740000000e+03	3.593921e+00	-2.575908e+01
7.03720000000e+03	3.464441e+00	-2.399330e+01
7.53700000000e+03	3.378870e+00	-2.244852e+01
8.03680000000e+03	3.382631e+00	-2.104211e+01
8.53660000000e+03	3.190630e+00	-1.991721e+01
9.03640000000e+03	3.201929e+00	-1.883720e+01
9.53620000000e+03	3.130301e+00	-1.788059e+01
1.00360000000e+04	3.031821e+00	-1.706638e+01
1.05358000000e+04	3.010269e+00	-1.629856e+01
1.10356000000e+04	2.970648e+00	-1.558083e+01
1.15354000000e+04	2.925828e+00	-1.493433e+01
1.20352000000e+04	2.864097e+00	-1.433779e+01
1.25350000000e+04	2.879832e+00	-1.379257e+01
1.30348000000e+04	2.837598e+00	-1.329520e+01
1.35346000000e+04	2.761992e+00	-1.283289e+01
1.40344000000e+04	2.766252e+00	-1.239255e+01
1.45342000000e+04	2.718199e+00	-1.194786e+01
1.50340000000e+04	2.711010e+00	-1.158651e+01
1.55338000000e+04	2.703330e+00	-1.126467e+01
1.60336000000e+04	2.655301e+00	-1.093916e+01
1.65334000000e+04	2.662266e+00	-1.056851e+01
1.70332000000e+04	2.634736e+00	-1.028282e+01
1.75330000000e+04	2.615581e+00	-1.001733e+01
1.80328000000e+04	2.559030e+00	-9.732758e+00
1.85326000000e+04	2.567832e+00	-9.491768e+00
1.90324000000e+04	2.556809e+00	-9.221962e+00
1.95322000000e+04	2.552498e+00	-9.014257e+00
2.00320000000e+04	2.530428e+00	-8.804935e+00
2.05318000000e+04	2.513856e+00	-8.602901e+00
2.10316000000e+04	2.501028e+00	-8.365953e+00
2.15314000000e+04	2.498672e+00	-8.195234e+00
2.20312000000e+04	2.477028e+00	-8.040121e+00
2.25310000000e+04	2.443171e+00	-7.877864e+00
2.30308000000e+04	2.440708e+00	-7.689581e+00
2.35306000000e+04	2.460107e+00	-7.520503e+00
2.40304000000e+04	2.417829e+00	-7.390077e+00
2.45302000000e+04	2.447364e+00	-7.226239e+00
2.50300000000e+04	2.414803e+00	-7.105796e+00
2.55298000000e+04	2.389711e+00	-6.979815e+00
2.60296000000e+04	2.402461e+00	-6.829851e+00
2.65294000000e+04	2.399124e+00	-6.707049e+00
2.70292000000e+04	2.393454e+00	-6.599267e+00
2.75290000000e+04	2.384335e+00	-6.475444e+00
2.80288000000e+04	2.375964e+00	-6.385385e+00
2.85286000000e+04	2.347301e+00	-6.259514e+00
2.90284000000e+04	2.365751e+00	-6.143979e+00
2.95282000000e+04	2.346323e+00	-6.051899e+00
3.00280000000e+04	2.342561e+00	-5.950232e+00
3.05278000000e+04	2.331985e+00	-5.863240e+00
3.10276000000e+04	2.335240e+00	-5.778236e+00
3.15274000000e+04	2.331329e+00	-5.685585e+00
3.20272000000e+04	2.323973e+00	-5.584868e+00
3.25270000000e+04	2.314310e+00	-5.525013e+00
3.30268000000e+04	2.318098e+00	-5.439565e+00
3.35266000000e+04	2.300385e+00	-5.356876e+00
3.40264000000e+04	2.311970e+00	-5.294391e+00
3.45262000000e+04	2.306106e+00	-5.219217e+00
3.50260000000e+04	2.292953e+00	-5.149476e+00
3.55258000000e+04	2.285105e+00	-5.071540e+00
3.60256000000e+04	2.293727e+00	-4.998734e+00
3.65254000000e+04	2.289646e+00	-4.939342e+00
3.70252000000e+04	2.274706e+00	-4.863290e+00
3.75250000000e+04	2.283041e+00	-4.809598e+00
3.80248000000e+04	2.271681e+00	-4.751882e+00
3.85246000000e+04	2.274342e+00	-4.687997e+00
3.90244000000e+04	2.268222e+00	-4.643607e+00
3.95242000000e+04	2.271373e+00	-4.585397e+00
4.00240000000e+04	2.268500e+00	-4.533002e+00
4.05238000000e+04	2.256624e+00	-4.468403e+00
4.10236000000e+04	2.245127e+00	-4.419672e+00
4.15234000000e+04	2.255776e+00	-4.365482e+00
4.20232000000e+04	2.255709e+00	-4.327301e+00
4.25230000000e+04	2.238992e+00	-4.267406e+00
4.30228000000e+04	2.240555e+00	-4.223393e+00
4.35226000000e+04	2.239757e+00	-4.165921e+00
4.40224000000e+04	2.238190e+00	-4.120059e+00
4.45222000000e+04	2.242317e+00	-4.080959e+00
4.50220000000e+04	2.221029e+00	-4.040616e+00
4.55218000000e+04	2.226539e+00	-4.000591e+00
4.60216000000e+04	2.221754e+00	-3.960599e+00
4.65214000000e+04	2.228917e+00	-3.914722e+00
4.70212000000e+04	2.225264e+00	-3.872977e+00
4.75210000000e+04	2.227362e+00	-3.832829e+00
4.80208000000e+04	2.220887e+00	-3.800776e+00
4.85206000000e+04	2.210543e+00	-3.758676e+00
4.90204000000e+04	2.220638e+00	-3.728203e+00
4.95202000000e+04	2.211897e+00	-3.691333e+00
5.00200000000e+04	2.211456e+00	-3.652827e+00
5.05198000000e+04	2.214707e+00	-3.619989e+00
5.10196000000e+04	2.202877e+00	-3.587963e+00
5.15194000000e+04	2.203207e+00	-3.555223e+00
5.20192000000e+04	2.201300e+00	-3.518190e+00
5.25190000000e+04	2.198375e+00	-3.487373e+00
5.30188000000e+04	2.193239e+00	-3.455597e+00
5.35186000000e+04	2.198396e+00	-3.423739e+00
5.40184000000e+04	2.187675e+00	-3.394599e+00
5.45182000000e+04	2.190866e+00	-3.361790e+00
5.50180000000e+04	2.187532e+00	-3.337552e+00
5.55178000000e+04	2.193124e+00	-3.307501e+00
5.60176000000e+04	2.189137e+00	-3.278008e+00
5.65174000000e+04	2.191253e+00	-3.250288e+00
5.70172000000e+04	2.181860e+00	-3.222134e+00
5.75170000000e+04	2.186924e+00	-3.198662e+00
5.80168000000e+04	2.188595e+00	-3.175037e+00
5.85166000000e+04	2.177661e+00	-3.148595e+00
5.90164000000e+04	2.177616e+00	-3.117628e+00
5.95162000000e+04	2.178190e+00	-3.092617e+00
6.00160000000e+04	2.176650e+00	-3.070388e+00
6.05158000000e+04	2.180555e+00	-3.047037e+00
6.10156000000e+04	2.168206e+00	-3.021214e+00
6.15154000000e+04	2.171931e+00	-2.997998e+00
6.20152000000e+04	2.171592e+00	-2.969300e+00
6.25150000000e+04	2.167011e+00	-2.952328e+00
6.30148000000e+04	2.168263e+00	-2.931235e+00
6.35146000000e+04	2.170382e+00	-2.904911e+00
6.40144000000e+04	2.168511e+00	-2.888150e+00
6.45142000000e+04	2.167507e+00	-2.865994e+00
6.50140000000e+04	2.163510e+00	-2.849730e+00
6.55138000000e+04	2.158303e+00	-2.829145e+00
6.60136000000e+04	2.160239e+00	-2.805039e+00
6.65134000000e+04	2.157079e+00	-2.781190e+00
6.70132000000e+04	2.158595e+00	-2.762923e+00
6.75130000000e+04	2.153591e+00	-2.747022e+00
6.80128000000e+04	2.154072e+00	-2.724475e+00
6.85126000000e+04	2.156075e+00	-2.707127e+00
6.90124000000e+04	2.158542e+00	-2.685456e+00
6.95122000000e+04	2.155984e+00	-2.669983e+00
7.00120000000e+04	2.147551e+00	-2.653035e+00
7.05118000000e+04	2.143411e+00	-2.633769e+00
7.10116000000e+04	2.147303e+00	-2.621918e+00
7.15114000000e+04	2.152605e+00	-2.597077e+00
7.20112000000e+04	2.145822e+00	-2.578287e+00
7.25110000000e+04	2.140976e+00	-2.571497e+00
7.30108000000e+04	2.143901e+00	-2.547099e+00
7.35106000000e+04	2.147957e+00	-2.533820e+00
7.40104000000e+04	2.143907e+00	-2.513932e+00
7.45102000000e+04	2.137404e+00	-2.499316e+00
7.50100000000e+04	2.137145e+00	-2.481029e+00
7.55098000000e+04	2.137656e+00	-2.469530e+00
7.60096000000e+04	2.142297e+00	-2.451057e+00
7.65094000000e+04	2.133993e+00	-2.435269e+00
7.70092000000e+04	2.135671e+00	-2.421970e+00
7.75090000000e+04	2.138444e+00	-2.410400e+00
7.80088000000e+04	2.134731e+00	-2.394727e+00
7.85086000000e+04	2.130235e+00	-2.381195e+00
7.90084000000e+04	2.131536e+00	-2.363295e+00
7.95082000000e+04	2.128147e+00	-2.351699e+00
8.00080000000e+04	2.129258e+00	-2.335106e+00
8.05078000000e+04	2.132229e+00	-2.319903e+00
8.10076000000e+04	2.131686e+00	-2.308687e+00
8.15074000000e+04	2.120292e+00	-2.294249e+00
8.20072000000e+04	2.126018e+00	-2.282488e+00
8.25070000000e+04	2.124545e+00	-2.270220e+00
8.30068000000e+04	2.123830e+00	-2.256753e+00
8.35066000000e+04	2.126743e+00	-2.244994e+00
8.40064000000e+04	2.124961e+00	-2.230359e+00
8.45062000000e+04	2.122339e+00	-2.217614e+00
8.50060000000e+04	2.118825e+00	-2.208044e+00
8.55058000000e+04	2.122594e+00	-2.196221e+00
8.60056000000e+04	2.117068e+00	-2.185087e+00
8.65054000000e+04	2.120387e+00	-2.172033e+00
8.70052000000e+04	2.118353e+00	-2.158595e+00
8.75050000000e+04	2.118363e+00	-2.148015e+00
8.80048000000e+04	2.115239e+00	-2.131303e+00
8.85046000000e+04	2.116857e+00	-2.126369e+00
8.90044000000e+04	2.115618e+00	-2.111047e+00
8.95042000000e+04	2.115411e+00	-2.100377e+00
9.00040000000e+04	2.110202e+00	-2.092883e+00
9.05038000000e+04	2.114254e+00	-2.080922e+00
9.10036000000e+04	2.111845e+00	-2.070241e+00
9.15034000000e+04	2.112856e+00	-2.060553e+00
9.20032000000e+04	2.109374e+00	-2.049098e+00
9.25030000000e+04	2.106460e+00	-2.039726e+00
9.30028000000e+04	2.110680e+00	-2.026819e+00
9.35026000000e+04	2.110334e+00	-2.022344e+00
9.40024000000e+04	2.108120e+00	-2.004251e+00
9.45022000000e+04	2.104878e+00	-1.998676e+00
9.50020000000e+04	2.109125e+00	-1.986302e+00
9.55018000000e+04	2.104497e+00	-1.978399e+00
9.60016000000e+04	2.106108e+00	-1.966546e+00
9.65014000000e+04	2.105848e+00	-1.957490e+00
9.70012000000e+04	2.105321e+00	-1.948572e+00
9.75010000000e+04	2.105002e+00	-1.940143e+00
9.80008000000e+04	2.098465e+00	-1.928977e+00
9.85006000000e+04	2.100834e+00	-1.926397e+00
9.90004000000e+04	2.102694e+00	-1.913929e+00
9.95002000000e+04	2.101462e+00	-1.904855e+00
1.00000000000e+05	2.097389e+00	-1.893553e+00


"TRACE: B"

"Frequency"	"Data Trace Real"	"Data Trace Imag"
4.00000000000e+01	2.258500e-06	2.632551e-04
5.39800000000e+02	1.252287e-04	3.474572e-03
1.03960000000e+03	3.360123e-04	6.582891e-03
1.53940000000e+03	6.308561e-04	9.651560e-03
2.03920000000e+03	9.527166e-04	1.267272e-02
2.53900000000e+03	1.343072e-03	1.560931e-02
3.03880000000e+03	1.700135e-03	1.848978e-02
3.53860000000e+03	2.200587e-03	2.140316e-02
4.03840000000e+03	2.658967e-03	2.424678e-02
4.53820000000e+03	3.089541e-03	2.714890e-02
5.03800000000e+03	3.644828e-03	2.995606e-02
5.53780000000e+03	4.188250e-03	3.258577e-02
6.03760000000e+03	4.851263e-03	3.544397e-02
6.53740000000e+03	5.312944e-03	3.808000e-02
7.03720000000e+03	5.895106e-03	4.082709e-02
7.53700000000e+03	6.556422e-03	4.355953e-02
8.03680000000e+03	7.447239e-03	4.632656e-02
8.53660000000e+03	7.841785e-03	4.895161e-02
9.03640000000e+03	8.770190e-03	5.159571e-02
9.53620000000e+03	9.499744e-03	5.426348e-02
1.00360000000e+04	1.009083e-02	5.680211e-02
1.05358000000e+04	1.095819e-02	5.933117e-02
1.10356000000e+04	1.180764e-02	6.193019e-02
1.15354000000e+04	1.263341e-02	6.448478e-02
1.20352000000e+04	1.339770e-02	6.706944e-02
1.25350000000e+04	1.450590e-02	6.947405e-02
1.30348000000e+04	1.535378e-02	7.193814e-02
1.35346000000e+04	1.602906e-02	7.447490e-02
1.40344000000e+04	1.715745e-02	7.686377e-02
1.45342000000e+04	1.810444e-02	7.957815e-02
1.50340000000e+04	1.914599e-02	8.182751e-02
1.55338000000e+04	2.014391e-02	8.393891e-02
1.60336000000e+04	2.095475e-02	8.632825e-02
1.65334000000e+04	2.241322e-02	8.897470e-02
1.70332000000e+04	2.338284e-02	9.125829e-02
1.75330000000e+04	2.440178e-02	9.345559e-02
1.80328000000e+04	2.526808e-02	9.610207e-02
1.85326000000e+04	2.655808e-02	9.816962e-02
1.90324000000e+04	2.791829e-02	1.006964e-01
1.95322000000e+04	2.908098e-02	1.027007e-01
2.00320000000e+04	3.014929e-02	1.049081e-01
2.05318000000e+04	3.129436e-02	1.070953e-01
2.10316000000e+04	3.280281e-02	1.097256e-01
2.15314000000e+04	3.403942e-02	1.116437e-01
2.20312000000e+04	3.499654e-02	1.135944e-01
2.25310000000e+04	3.591324e-02	1.158001e-01
2.30308000000e+04	3.749933e-02	1.181436e-01
2.35306000000e+04	3.929250e-02	1.201165e-01
2.40304000000e+04	3.999113e-02	1.222326e-01
2.45302000000e+04	4.204506e-02	1.241449e-01
2.50300000000e+04	4.287372e-02	1.261602e-01
2.55298000000e+04	4.390549e-02	1.282382e-01
2.60296000000e+04	4.583215e-02	1.302942e-01
2.65294000000e+04	4.728241e-02	1.321838e-01
2.70292000000e+04	4.856950e-02	1.339166e-01
2.75290000000e+04	5.007378e-02	1.359918e-01
2.80288000000e+04	5.118588e-02	1.375617e-01
2.85286000000e+04	5.252251e-02	1.400610e-01
2.90284000000e+04	5.457924e-02	1.417452e-01
2.95282000000e+04	5.569150e-02	1.436458e-01
3.00280000000e+04	5.728535e-02	1.455079e-01
3.05278000000e+04	5.856942e-02	1.472594e-01
3.10276000000e+04	6.012250e-02	1.487650e-01
3.15274000000e+04	6.173911e-02	1.505678e-01
3.20272000000e+04	6.351109e-02	1.526270e-01
3.25270000000e+04	6.449816e-02	1.539782e-01
3.30268000000e+04	6.630251e-02	1.555831e-01
3.35266000000e+04	6.768247e-02	1.576113e-01
3.40264000000e+04	6.927089e-02	1.586297e-01
3.45262000000e+04	7.082994e-02	1.603035e-01
3.50260000000e+04	7.216278e-02	1.620619e-01
3.55258000000e+04	7.385071e-02	1.639035e-01
3.60256000000e+04	7.582937e-02	1.652555e-01
3.65254000000e+04	7.724959e-02	1.666468e-01
3.70252000000e+04	7.891195e-02	1.687126e-01
3.75250000000e+04	8.054613e-02	1.696836e-01
3.80248000000e+04	8.188920e-02	1.712951e-01
3.85246000000e+04	8.376966e-02	1.726706e-01
3.90244000000e+04	8.492694e-02	1.738663e-01
3.95242000000e+04	8.674330e-02	1.751154e-01
4.00240000000e+04	8.828840e-02	1.764212e-01
4.05238000000e+04	9.005252e-02	1.783155e-01
4.10236000000e+04	9.136152e-02	1.798509e-01
4.15234000000e+04	9.342250e-02	1.807955e-01
4.20232000000e+04	9.472293e-02	1.817143e-01
4.25230000000e+04	9.640919e-02	1.837511e-01
4.30228000000e+04	9.802431e-02	1.847735e-01
4.35226000000e+04	1.001169e-01	1.862163e-01
4.40224000000e+04	1.018082e-01	1.874085e-01
4.45222000000e+04	1.034174e-01	1.882169e-01
4.50220000000e+04	1.044721e-01	1.900612e-01
4.55218000000e+04	1.062168e-01	1.908478e-01
4.60216000000e+04	1.077342e-01	1.920520e-01
4.65214000000e+04	1.098361e-01	1.929088e-01
4.70212000000e+04	1.115323e-01	1.941171e-01
4.75210000000e+04	1.133419e-01	1.950379e-01
4.80208000000e+04	1.146073e-01	1.961363e-01
4.85206000000e+04	1.162578e-01	1.976779e-01
4.90204000000e+04	1.179263e-01	1.979850e-01
4.95202000000e+04	1.194430e-01	1.993330e-01
5.00200000000e+04	1.212841e-01	2.003340e-01
5.05198000000e+04	1.229761e-01	2.010072e-01
5.10196000000e+04	1.242728e-01	2.024108e-01
5.15194000000e+04	1.259427e-01	2.032284e-01
5.20192000000e+04	1.278088e-01	2.042682e-01
5.25190000000e+04	1.293571e-01	2.052045e-01
5.30188000000e+04	1.309283e-01	2.062865e-01
5.35186000000e+04	1.327940e-01	2.068108e-01
5.40184000000e+04	1.341372e-01	2.081398e-01
5.45182000000e+04	1.360658e-01	2.087870e-01
5.50180000000e+04	1.373685e-01	2.095853e-01
5.55178000000e+04	1.392516e-01	2.100087e-01
5.60176000000e+04	1.408924e-01	2.109718e-01
5.65174000000e+04	1.426044e-01	2.115252e-01
5.70172000000e+04	1.440870e-01	2.127852e-01
5.75170000000e+04	1.456582e-01	2.130442e-01
5.80168000000e+04	1.471739e-01	2.135080e-01
5.85166000000e+04	1.485864e-01	2.148353e-01
5.90164000000e+04	1.505790e-01	2.155795e-01
5.95162000000e+04	1.522274e-01	2.161341e-01
6.00160000000e+04	1.536630e-01	2.167574e-01
6.05158000000e+04	1.553184e-01	2.170369e-01
6.10156000000e+04	1.567885e-01	2.184718e-01
6.15154000000e+04	1.584741e-01	2.187477e-01
6.20152000000e+04	1.604717e-01	2.194190e-01
6.25150000000e+04	1.615704e-01	2.201229e-01
6.30148000000e+04	1.631070e-01	2.205013e-01
6.35146000000e+04	1.650598e-01	2.209215e-01
6.40144000000e+04	1.662478e-01	2.214185e-01
6.45142000000e+04	1.678675e-01	2.219634e-01
6.50140000000e+04	1.690013e-01	2.226049e-01
6.55138000000e+04	1.704507e-01	2.234300e-01
6.60136000000e+04	1.723383e-01	2.237787e-01
6.65134000000e+04	1.741263e-01	2.245066e-01
6.70132000000e+04	1.755915e-01	2.247507e-01
6.75130000000e+04	1.767544e-01	2.254598e-01
6.80128000000e+04	1.785716e-01	2.258578e-01
6.85126000000e+04	1.800150e-01	2.260234e-01
6.90124000000e+04	1.818336e-01	2.262203e-01
6.95122000000e+04	1.830661e-01	2.267102e-01
7.00120000000e+04	1.843301e-01	2.277172e-01
7.05118000000e+04	1.858833e-01	2.284087e-01
7.10116000000e+04	1.869599e-01	2.282834e-01
7.15114000000e+04	1.891815e-01	2.282439e-01
7.20112000000e+04	1.907038e-01	2.291380e-01
7.25110000000e+04	1.912204e-01	2.296723e-01
7.30108000000e+04	1.934226e-01	2.297991e-01
7.35106000000e+04	1.946678e-01	2.296383e-01
7.40104000000e+04	1.963970e-01	2.302939e-01
7.45102000000e+04	1.976319e-01	2.310955e-01
7.50100000000e+04	1.993068e-01	2.313768e-01
7.55098000000e+04	2.003774e-01	2.314862e-01
7.60096000000e+04	2.021585e-01	2.312947e-01
7.65094000000e+04	2.035387e-01	2.322742e-01
7.70092000000e+04	2.048207e-01	2.322781e-01
7.75090000000e+04	2.059569e-01	2.321493e-01
7.80088000000e+04	2.074207e-01	2.326832e-01
7.85086000000e+04	2.086831e-01	2.332678e-01
7.90084000000e+04	2.104471e-01	2.333287e-01
7.95082000000e+04	2.115560e-01	2.337790e-01
8.00080000000e+04	2.132145e-01	2.338272e-01
8.05078000000e+04	2.147617e-01	2.336645e-01
8.10076000000e+04	2.158862e-01	2.338119e-01
8.15074000000e+04	2.172605e-01	2.350854e-01
8.20072000000e+04	2.185079e-01	2.345897e-01
8.25070000000e+04	2.197596e-01	2.348279e-01
8.30068000000e+04	2.211496e-01	2.349906e-01
8.35066000000e+04	2.223921e-01	2.347575e-01
8.40064000000e+04	2.239167e-01	2.350230e-01
8.45062000000e+04	2.252503e-01	2.353621e-01
8.50060000000e+04	2.262523e-01	2.357793e-01
8.55058000000e+04	2.275315e-01	2.354239e-01
8.60056000000e+04	2.287094e-01	2.360577e-01
8.65054000000e+04	2.301325e-01	2.357378e-01
8.70052000000e+04	2.315912e-01	2.359906e-01
8.75050000000e+04	2.327505e-01	2.360085e-01
8.80048000000e+04	2.345916e-01	2.363732e-01
8.85046000000e+04	2.351403e-01	2.361968e-01
8.90044000000e+04	2.368487e-01	2.363370e-01
8.95042000000e+04	2.380464e-01	2.363546e-01
9.00040000000e+04	2.388968e-01	2.369361e-01
9.05038000000e+04	2.402478e-01	2.364602e-01
9.10036000000e+04	2.414700e-01	2.367129e-01
9.15034000000e+04	2.425771e-01	2.365721e-01
9.20032000000e+04	2.439074e-01	2.369376e-01
9.25030000000e+04	2.450040e-01	2.372421e-01
9.30028000000e+04	2.464894e-01	2.366959e-01
9.35026000000e+04	2.470139e-01	2.367146e-01
9.40024000000e+04	2.491517e-01	2.368757e-01
9.45022000000e+04	2.498307e-01	2.372254e-01
9.50020000000e+04	2.512717e-01	2.366391e-01
9.55018000000e+04	2.522480e-01	2.371336e-01
9.60016000000e+04	2.536565e-01	2.368479e-01
9.65014000000e+04	2.547491e-01	2.368018e-01
9.70012000000e+04	2.558320e-01	2.367844e-01
9.75010000000e+04	2.568583e-01	2.367417e-01
9.80008000000e+04	2.582882e-01	2.374269e-01
9.85006000000e+04	2.585798e-01	2.371094e-01
9.90004000000e+04	2.600913e-01	2.367422e-01
9.95002000000e+04	2.612260e-01	2.367864e-01
1.00000000000e+05	2.626798e-01	2.371511e-01
