4294A REV1.11
"DATE:     13 -100"


"MEASURE PARAMETER: IMPEDANCE - ADMITTANCE"
"ADAPTER: NONE"
"SWEEP TYPE: LOG FREQ"
"NUMBER of POINTS: 801"
"POINT DELAY TIME:  0 Sec"
"SWEEP DELAY TIME:  0 Sec"
"OSC LEVEL:  10 mVolt"
"DC BIAS:  5 Volt"
"BW: 2"
"SWEEP AVERAGING: OFF"
"POINT AVERAGING: OFF"


"TRACE: A"

"Frequency"	"Data Trace Real"	"Data Trace Imag"
4.00000000000e+01	3.408551e+01	-3.804507e+03
4.07480000000e+01	3.592500e+01	-3.735815e+03
4.15110000000e+01	4.093176e+01	-3.665384e+03
4.22870000000e+01	3.536368e+01	-3.600769e+03
4.30780000000e+01	3.555141e+01	-3.535598e+03
4.38840000000e+01	3.487888e+01	-3.468915e+03
4.47050000000e+01	3.565643e+01	-3.403913e+03
4.55410000000e+01	3.184741e+01	-3.343123e+03
4.63930000000e+01	2.935742e+01	-3.283170e+03
4.72610000000e+01	3.368373e+01	-3.218612e+03
4.81450000000e+01	3.064702e+01	-3.160371e+03
4.90460000000e+01	3.531607e+01	-3.103841e+03
4.99630000000e+01	3.295128e+01	-3.047360e+03
5.08980000000e+01	3.238011e+01	-2.993790e+03
5.18500000000e+01	3.206095e+01	-2.938139e+03
5.28200000000e+01	3.243656e+01	-2.884462e+03
5.38080000000e+01	2.844368e+01	-2.830153e+03
5.48150000000e+01	2.971610e+01	-2.781544e+03
5.58400000000e+01	2.638526e+01	-2.728307e+03
5.68850000000e+01	2.690295e+01	-2.681598e+03
5.79490000000e+01	2.687682e+01	-2.632053e+03
5.90330000000e+01	2.913565e+01	-2.578897e+03
6.01370000000e+01	2.861090e+01	-2.534010e+03
6.12620000000e+01	2.580062e+01	-2.487129e+03
6.24080000000e+01	2.555079e+01	-2.442390e+03
6.35750000000e+01	2.605859e+01	-2.394924e+03
6.47650000000e+01	2.605474e+01	-2.356317e+03
6.59760000000e+01	2.603386e+01	-2.312307e+03
6.72100000000e+01	2.533471e+01	-2.267934e+03
6.84680000000e+01	2.634441e+01	-2.226696e+03
6.97490000000e+01	2.492048e+01	-2.185738e+03
7.10530000000e+01	2.492760e+01	-2.146091e+03
7.23820000000e+01	2.685788e+01	-2.107628e+03
7.37360000000e+01	2.456113e+01	-2.069497e+03
7.51160000000e+01	2.456323e+01	-2.032229e+03
7.65210000000e+01	2.281711e+01	-1.993427e+03
7.79520000000e+01	2.450192e+01	-1.958180e+03
7.94110000000e+01	2.384291e+01	-1.921317e+03
8.08960000000e+01	2.321544e+01	-1.887237e+03
8.24100000000e+01	2.195335e+01	-1.851947e+03
8.39510000000e+01	2.406586e+01	-1.818182e+03
8.55220000000e+01	2.239198e+01	-1.784304e+03
8.71210000000e+01	2.275962e+01	-1.752332e+03
8.87510000000e+01	2.124002e+01	-1.721324e+03
9.04110000000e+01	2.220865e+01	-1.689781e+03
9.21030000000e+01	2.262780e+01	-1.658284e+03
9.38260000000e+01	2.199445e+01	-1.628667e+03
9.55810000000e+01	2.205169e+01	-1.597796e+03
9.73690000000e+01	2.073066e+01	-1.568283e+03
9.91900000000e+01	2.055405e+01	-1.541337e+03
1.01046000000e+02	2.062980e+01	-1.512196e+03
1.02936000000e+02	2.103827e+01	-1.484283e+03
1.04862000000e+02	2.049149e+01	-1.456469e+03
1.06823000000e+02	1.974137e+01	-1.431478e+03
1.08822000000e+02	1.892169e+01	-1.404217e+03
1.10857000000e+02	2.012334e+01	-1.378047e+03
1.12931000000e+02	1.867920e+01	-1.354906e+03
1.15044000000e+02	1.949145e+01	-1.328527e+03
1.17196000000e+02	1.989941e+01	-1.304822e+03
1.19388000000e+02	1.841152e+01	-1.281362e+03
1.21621000000e+02	1.829511e+01	-1.257146e+03
1.23897000000e+02	1.819727e+01	-1.234648e+03
1.26214000000e+02	1.814287e+01	-1.211965e+03
1.28575000000e+02	1.772830e+01	-1.190609e+03
1.30980000000e+02	1.835394e+01	-1.167940e+03
1.33431000000e+02	1.859294e+01	-1.148228e+03
1.35927000000e+02	1.788350e+01	-1.125756e+03
1.38469000000e+02	1.710796e+01	-1.105592e+03
1.41060000000e+02	1.703265e+01	-1.086699e+03
1.43699000000e+02	1.688753e+01	-1.065766e+03
1.46387000000e+02	1.667220e+01	-1.045986e+03
1.49125000000e+02	1.715224e+01	-1.027201e+03
1.51915000000e+02	1.686929e+01	-1.008906e+03
1.54757000000e+02	1.638424e+01	-9.898773e+02
1.57652000000e+02	1.628706e+01	-9.729758e+02
1.60601000000e+02	1.596974e+01	-9.535813e+02
1.63605000000e+02	1.639405e+01	-9.361888e+02
1.66666000000e+02	1.570860e+01	-9.199731e+02
1.69783000000e+02	1.595585e+01	-9.026311e+02
1.72959000000e+02	1.593871e+01	-8.860875e+02
1.76195000000e+02	1.598668e+01	-8.701294e+02
1.79491000000e+02	1.549014e+01	-8.538240e+02
1.82849000000e+02	1.550369e+01	-8.388635e+02
1.86269000000e+02	1.571685e+01	-8.230518e+02
1.89754000000e+02	1.515005e+01	-8.075752e+02
1.93303000000e+02	1.471229e+01	-7.938373e+02
1.96919000000e+02	1.437743e+01	-7.793500e+02
2.00603000000e+02	1.389175e+01	-7.648823e+02
2.04356000000e+02	1.497474e+01	-7.512666e+02
2.08178000000e+02	1.436618e+01	-7.376597e+02
2.12073000000e+02	1.408591e+01	-7.241495e+02
2.16040000000e+02	1.414396e+01	-7.110920e+02
2.20081000000e+02	1.373789e+01	-6.980862e+02
2.24198000000e+02	1.431518e+01	-6.849609e+02
2.28392000000e+02	1.426752e+01	-6.725140e+02
2.32665000000e+02	1.368554e+01	-6.597927e+02
2.37017000000e+02	1.386851e+01	-6.489788e+02
2.41451000000e+02	1.373753e+01	-6.363978e+02
2.45968000000e+02	1.402197e+01	-6.249402e+02
2.50569000000e+02	1.367338e+01	-6.133666e+02
2.55256000000e+02	1.376001e+01	-6.022209e+02
2.60031000000e+02	1.298335e+01	-5.913362e+02
2.64896000000e+02	1.367969e+01	-5.804502e+02
2.69851000000e+02	1.334754e+01	-5.704738e+02
2.74899000000e+02	1.333103e+01	-5.596182e+02
2.80042000000e+02	1.300214e+01	-5.497880e+02
2.85280000000e+02	1.304525e+01	-5.403735e+02
2.90617000000e+02	1.229531e+01	-5.295221e+02
2.96053000000e+02	1.300945e+01	-5.197448e+02
3.01591000000e+02	1.269365e+01	-5.108936e+02
3.07233000000e+02	1.267754e+01	-5.016514e+02
3.12981000000e+02	1.259423e+01	-4.927542e+02
3.18835000000e+02	1.261052e+01	-4.833753e+02
3.24800000000e+02	1.216887e+01	-4.748228e+02
3.30876000000e+02	1.139064e+01	-4.655413e+02
3.37065000000e+02	1.205156e+01	-4.575312e+02
3.43371000000e+02	1.173869e+01	-4.490129e+02
3.49794000000e+02	1.195652e+01	-4.408167e+02
3.56338000000e+02	1.192132e+01	-4.332343e+02
3.63003000000e+02	1.197527e+01	-4.251507e+02
3.69794000000e+02	1.163219e+01	-4.176752e+02
3.76712000000e+02	1.129656e+01	-4.103484e+02
3.83759000000e+02	1.163663e+01	-4.023796e+02
3.90938000000e+02	1.118488e+01	-3.953039e+02
3.98251000000e+02	1.139348e+01	-3.874768e+02
4.05701000000e+02	1.091989e+01	-3.806923e+02
4.13290000000e+02	1.121252e+01	-3.740659e+02
4.21021000000e+02	1.155145e+01	-3.664738e+02
4.28897000000e+02	1.092299e+01	-3.604554e+02
4.36920000000e+02	1.087465e+01	-3.539716e+02
4.45094000000e+02	1.102875e+01	-3.472565e+02
4.53420000000e+02	1.091130e+01	-3.417264e+02
4.61902000000e+02	1.101002e+01	-3.355627e+02
4.70543000000e+02	1.077628e+01	-3.289380e+02
4.79345000000e+02	1.069848e+01	-3.228521e+02
4.88312000000e+02	1.032029e+01	-3.171682e+02
4.97447000000e+02	1.028463e+01	-3.118727e+02
5.06752000000e+02	1.067937e+01	-3.060437e+02
5.16232000000e+02	9.989027e+00	-3.004499e+02
5.25889000000e+02	1.058513e+01	-2.947574e+02
5.35727000000e+02	1.049667e+01	-2.894470e+02
5.45748000000e+02	9.994030e+00	-2.846339e+02
5.55957000000e+02	1.031090e+01	-2.791497e+02
5.66358000000e+02	1.010927e+01	-2.741393e+02
5.76952000000e+02	9.793694e+00	-2.691359e+02
5.87745000000e+02	1.012216e+01	-2.644202e+02
5.98740000000e+02	9.716423e+00	-2.598357e+02
6.09940000000e+02	9.723291e+00	-2.549938e+02
6.21350000000e+02	9.427383e+00	-2.501876e+02
6.32974000000e+02	9.693703e+00	-2.457493e+02
6.44815000000e+02	9.582582e+00	-2.414424e+02
6.56877000000e+02	9.496300e+00	-2.375586e+02
6.69165000000e+02	9.599648e+00	-2.326398e+02
6.81683000000e+02	9.603952e+00	-2.285262e+02
6.94435000000e+02	9.507378e+00	-2.245773e+02
7.07425000000e+02	8.959171e+00	-2.204472e+02
7.20659000000e+02	9.024019e+00	-2.165251e+02
7.34140000000e+02	8.896313e+00	-2.126310e+02
7.47874000000e+02	9.375565e+00	-2.090283e+02
7.61864000000e+02	8.774893e+00	-2.049385e+02
7.76116000000e+02	8.819292e+00	-2.010659e+02
7.90634000000e+02	8.752735e+00	-1.979067e+02
8.05425000000e+02	8.996408e+00	-1.939447e+02
8.20491000000e+02	9.049772e+00	-1.906427e+02
8.35840000000e+02	8.397892e+00	-1.874651e+02
8.51476000000e+02	8.790188e+00	-1.840072e+02
8.67404000000e+02	8.627842e+00	-1.806188e+02
8.83630000000e+02	8.260998e+00	-1.771546e+02
9.00160000000e+02	8.438192e+00	-1.740623e+02
9.16999000000e+02	8.486855e+00	-1.713409e+02
9.34153000000e+02	8.476110e+00	-1.679395e+02
9.51628000000e+02	8.093859e+00	-1.648052e+02
9.69430000000e+02	8.297544e+00	-1.623230e+02
9.87565000000e+02	8.023399e+00	-1.590450e+02
1.00603900000e+03	7.867556e+00	-1.563030e+02
1.02485900000e+03	7.806009e+00	-1.535970e+02
1.04403000000e+03	7.723114e+00	-1.505491e+02
1.06356100000e+03	7.752807e+00	-1.477209e+02
1.08345700000e+03	8.018080e+00	-1.454076e+02
1.10372400000e+03	7.656248e+00	-1.425541e+02
1.12437200000e+03	7.512729e+00	-1.400914e+02
1.14540500000e+03	7.458567e+00	-1.374803e+02
1.16683200000e+03	7.682438e+00	-1.353608e+02
1.18865900000e+03	7.330824e+00	-1.325556e+02
1.21089500000e+03	7.456394e+00	-1.303532e+02
1.23354700000e+03	7.290801e+00	-1.281776e+02
1.25662300000e+03	7.339268e+00	-1.257017e+02
1.28013000000e+03	6.990815e+00	-1.235987e+02
1.30407700000e+03	7.288106e+00	-1.212963e+02
1.32847200000e+03	7.250965e+00	-1.190747e+02
1.35332300000e+03	6.907113e+00	-1.172182e+02
1.37863900000e+03	6.816003e+00	-1.148499e+02
1.40442900000e+03	6.899557e+00	-1.129393e+02
1.43070100000e+03	6.883702e+00	-1.109509e+02
1.45746500000e+03	6.769549e+00	-1.088157e+02
1.48472900000e+03	6.836786e+00	-1.069394e+02
1.51250400000e+03	6.658813e+00	-1.051142e+02
1.54079800000e+03	6.769815e+00	-1.031717e+02
1.56962100000e+03	6.411301e+00	-1.010945e+02
1.59898400000e+03	6.262763e+00	-9.961256e+01
1.62889500000e+03	6.667207e+00	-9.765318e+01
1.65936700000e+03	6.162583e+00	-9.618672e+01
1.69040800000e+03	6.235122e+00	-9.427754e+01
1.72203000000e+03	6.268664e+00	-9.278922e+01
1.75424300000e+03	6.110291e+00	-9.105415e+01
1.78705900000e+03	6.262537e+00	-8.961496e+01
1.82048900000e+03	6.203289e+00	-8.791376e+01
1.85454500000e+03	6.230086e+00	-8.638295e+01
1.88923700000e+03	6.026791e+00	-8.453261e+01
1.92457900000e+03	5.933714e+00	-8.304128e+01
1.96058100000e+03	5.947837e+00	-8.173170e+01
1.99725700000e+03	5.901299e+00	-8.014880e+01
2.03461900000e+03	6.028513e+00	-7.886322e+01
2.07268000000e+03	5.795144e+00	-7.728346e+01
2.11145300000e+03	6.012575e+00	-7.604012e+01
2.15095200000e+03	5.663822e+00	-7.485033e+01
2.19118900000e+03	5.647285e+00	-7.328828e+01
2.23217900000e+03	5.646285e+00	-7.202048e+01
2.27393600000e+03	5.625525e+00	-7.065599e+01
2.31647300000e+03	5.635559e+00	-6.957318e+01
2.35980700000e+03	5.420762e+00	-6.824362e+01
2.40395100000e+03	5.580024e+00	-6.687344e+01
2.44892100000e+03	5.573051e+00	-6.585110e+01
2.49473200000e+03	5.560730e+00	-6.473628e+01
2.54140100000e+03	5.397394e+00	-6.351209e+01
2.58894200000e+03	5.361213e+00	-6.252961e+01
2.63737300000e+03	5.252391e+00	-6.126836e+01
2.68670900000e+03	5.247293e+00	-6.018855e+01
2.73696900000e+03	5.182375e+00	-5.902315e+01
2.78816800000e+03	4.961275e+00	-5.795862e+01
2.84032600000e+03	5.071750e+00	-5.718036e+01
2.89345900000e+03	5.126920e+00	-5.607136e+01
2.94758600000e+03	4.993753e+00	-5.500888e+01
3.00272600000e+03	5.022932e+00	-5.420782e+01
3.05889700000e+03	4.820251e+00	-5.326725e+01
3.11611900000e+03	4.841542e+00	-5.222460e+01
3.17441100000e+03	4.824395e+00	-5.142859e+01
3.23379400000e+03	4.678780e+00	-5.046626e+01
3.29428700000e+03	4.795436e+00	-4.945654e+01
3.35591300000e+03	4.822280e+00	-4.850179e+01
3.41869100000e+03	4.758851e+00	-4.773265e+01
3.48264300000e+03	4.643547e+00	-4.698673e+01
3.54779200000e+03	4.591542e+00	-4.598933e+01
3.61415900000e+03	4.557998e+00	-4.536790e+01
3.68176800000e+03	4.578265e+00	-4.445973e+01
3.75064200000e+03	4.599695e+00	-4.368443e+01
3.82080400000e+03	4.596893e+00	-4.301475e+01
3.89227900000e+03	4.465052e+00	-4.218030e+01
3.96509100000e+03	4.543498e+00	-4.138572e+01
4.03926400000e+03	4.249339e+00	-4.074136e+01
4.11482600000e+03	4.333474e+00	-3.993535e+01
4.19180100000e+03	4.269373e+00	-3.941210e+01
4.27021500000e+03	4.261089e+00	-3.861977e+01
4.35009700000e+03	4.236947e+00	-3.788924e+01
4.43147300000e+03	4.285483e+00	-3.725898e+01
4.51437100000e+03	4.197472e+00	-3.663313e+01
4.59882000000e+03	4.170869e+00	-3.598112e+01
4.68484900000e+03	4.100736e+00	-3.535794e+01
4.77248700000e+03	4.100511e+00	-3.468487e+01
4.86176500000e+03	4.072243e+00	-3.410814e+01
4.95271200000e+03	4.020973e+00	-3.343237e+01
5.04536100000e+03	3.974424e+00	-3.295089e+01
5.13974400000e+03	3.988323e+00	-3.239880e+01
5.23589100000e+03	3.964328e+00	-3.172534e+01
5.33383700000e+03	3.928524e+00	-3.121122e+01
5.43361600000e+03	3.965290e+00	-3.062034e+01
5.53526100000e+03	3.771245e+00	-3.013280e+01
5.63880800000e+03	3.935521e+00	-2.954164e+01
5.74429100000e+03	3.835863e+00	-2.907539e+01
5.85174800000e+03	3.831375e+00	-2.855688e+01
5.96121500000e+03	3.747113e+00	-2.806043e+01
6.07273000000e+03	3.700751e+00	-2.754674e+01
6.18633000000e+03	3.792057e+00	-2.711065e+01
6.30205600000e+03	3.648697e+00	-2.663783e+01
6.41994700000e+03	3.610509e+00	-2.610642e+01
6.54004300000e+03	3.628817e+00	-2.567414e+01
6.66238600000e+03	3.607200e+00	-2.519402e+01
6.78701700000e+03	3.586449e+00	-2.473308e+01
6.91398000000e+03	3.592958e+00	-2.442155e+01
7.04331800000e+03	3.457617e+00	-2.395599e+01
7.17507500000e+03	3.515784e+00	-2.359649e+01
7.30929700000e+03	3.431806e+00	-2.308493e+01
7.44603000000e+03	3.445187e+00	-2.271448e+01
7.58532000000e+03	3.445391e+00	-2.226449e+01
7.72721700000e+03	3.410530e+00	-2.187570e+01
7.87176800000e+03	3.346186e+00	-2.151180e+01
8.01902200000e+03	3.345345e+00	-2.115416e+01
8.16903200000e+03	3.310351e+00	-2.078185e+01
8.32184800000e+03	3.313480e+00	-2.044579e+01
8.47752200000e+03	3.271456e+00	-2.012421e+01
8.63610900000e+03	3.284060e+00	-1.973293e+01
8.79766200000e+03	3.232777e+00	-1.935057e+01
8.96223700000e+03	3.205862e+00	-1.905296e+01
9.12989100000e+03	3.257244e+00	-1.868805e+01
9.30068100000e+03	3.198804e+00	-1.838501e+01
9.47466600000e+03	3.186735e+00	-1.803633e+01
9.65190600000e+03	3.188577e+00	-1.774989e+01
9.83246100000e+03	3.108014e+00	-1.745101e+01
1.00163940000e+04	3.112013e+00	-1.711692e+01
1.02037680000e+04	3.074781e+00	-1.682941e+01
1.03946470000e+04	3.046593e+00	-1.649512e+01
1.05890970000e+04	3.008959e+00	-1.621589e+01
1.07871840000e+04	2.987278e+00	-1.593598e+01
1.09889770000e+04	2.967903e+00	-1.565253e+01
1.11945440000e+04	2.996124e+00	-1.538539e+01
1.14039570000e+04	2.971193e+00	-1.512691e+01
1.16172880000e+04	2.939156e+00	-1.486823e+01
1.18346090000e+04	2.945793e+00	-1.454665e+01
1.20559960000e+04	2.926575e+00	-1.435515e+01
1.22815240000e+04	2.865438e+00	-1.409091e+01
1.25112700000e+04	2.854307e+00	-1.385097e+01
1.27453150000e+04	2.842501e+00	-1.359444e+01
1.29837380000e+04	2.859222e+00	-1.335924e+01
1.32266210000e+04	2.859764e+00	-1.311260e+01
1.34740470000e+04	2.838027e+00	-1.287805e+01
1.37261030000e+04	2.786070e+00	-1.267918e+01
1.39828730000e+04	2.793944e+00	-1.244644e+01
1.42444460000e+04	2.768757e+00	-1.223125e+01
1.45109130000e+04	2.784282e+00	-1.199587e+01
1.47823640000e+04	2.731452e+00	-1.180836e+01
1.50588940000e+04	2.753086e+00	-1.161242e+01
1.53405960000e+04	2.720634e+00	-1.142143e+01
1.56275680000e+04	2.694924e+00	-1.117920e+01
1.59199080000e+04	2.659037e+00	-1.098782e+01
1.62177180000e+04	2.689029e+00	-1.082103e+01
1.65210980000e+04	2.648818e+00	-1.061825e+01
1.68301530000e+04	2.670805e+00	-1.042140e+01
1.71449900000e+04	2.633913e+00	-1.025210e+01
1.74657160000e+04	2.623609e+00	-1.007280e+01
1.77924420000e+04	2.605590e+00	-9.878025e+00
1.81252800000e+04	2.568621e+00	-9.699718e+00
1.84643440000e+04	2.605391e+00	-9.530172e+00
1.88097520000e+04	2.595315e+00	-9.357798e+00
1.91616200000e+04	2.596115e+00	-9.189154e+00
1.95200710000e+04	2.542533e+00	-9.031361e+00
1.98852270000e+04	2.568567e+00	-8.857397e+00
2.02572140000e+04	2.527640e+00	-8.732077e+00
2.06361600000e+04	2.524199e+00	-8.561983e+00
2.10221950000e+04	2.512171e+00	-8.435295e+00
2.14154510000e+04	2.490365e+00	-8.259146e+00
2.18160630000e+04	2.476485e+00	-8.128620e+00
2.22241700000e+04	2.501608e+00	-7.954085e+00
2.26399110000e+04	2.503552e+00	-7.837139e+00
2.30634290000e+04	2.462833e+00	-7.695946e+00
2.34948700000e+04	2.463820e+00	-7.555254e+00
2.39343820000e+04	2.458569e+00	-7.411449e+00
2.43821150000e+04	2.435253e+00	-7.296755e+00
2.48382240000e+04	2.433670e+00	-7.160226e+00
2.53028660000e+04	2.414400e+00	-7.055449e+00
2.57761990000e+04	2.423189e+00	-6.919485e+00
2.62583870000e+04	2.436767e+00	-6.801840e+00
2.67495950000e+04	2.407132e+00	-6.676422e+00
2.72499920000e+04	2.398921e+00	-6.561238e+00
2.77597490000e+04	2.394630e+00	-6.439528e+00
2.82790430000e+04	2.389486e+00	-6.317755e+00
2.88080510000e+04	2.370620e+00	-6.193538e+00
2.93469550000e+04	2.384379e+00	-6.096711e+00
2.98959390000e+04	2.368417e+00	-6.016594e+00
3.04551940000e+04	2.359060e+00	-5.896414e+00
3.10249110000e+04	2.349550e+00	-5.788571e+00
3.16052840000e+04	2.345156e+00	-5.678649e+00
3.21965150000e+04	2.325524e+00	-5.588825e+00
3.27988060000e+04	2.339561e+00	-5.480197e+00
3.34123640000e+04	2.327688e+00	-5.385085e+00
3.40373990000e+04	2.321290e+00	-5.296523e+00
3.46741270000e+04	2.314803e+00	-5.206497e+00
3.53227660000e+04	2.308420e+00	-5.122909e+00
3.59835380000e+04	2.307349e+00	-5.013901e+00
3.66566720000e+04	2.315032e+00	-4.936065e+00
3.73423970000e+04	2.271955e+00	-4.848589e+00
3.80409510000e+04	2.299586e+00	-4.747396e+00
3.87525720000e+04	2.275760e+00	-4.670589e+00
3.94775050000e+04	2.273011e+00	-4.598629e+00
4.02159990000e+04	2.260897e+00	-4.502217e+00
4.09683080000e+04	2.271610e+00	-4.426729e+00
4.17346900000e+04	2.264694e+00	-4.353749e+00
4.25154090000e+04	2.263191e+00	-4.274215e+00
4.33107320000e+04	2.263124e+00	-4.208267e+00
4.41209330000e+04	2.247818e+00	-4.126831e+00
4.49462910000e+04	2.245864e+00	-4.055855e+00
4.57870880000e+04	2.241601e+00	-3.976748e+00
4.66436130000e+04	2.239921e+00	-3.911009e+00
4.75161620000e+04	2.238778e+00	-3.843230e+00
4.84050330000e+04	2.234173e+00	-3.777897e+00
4.93105320000e+04	2.232028e+00	-3.707937e+00
5.02329690000e+04	2.220897e+00	-3.652896e+00
5.11726630000e+04	2.219588e+00	-3.583275e+00
5.21299350000e+04	2.213504e+00	-3.523283e+00
5.31051140000e+04	2.208583e+00	-3.459396e+00
5.40985360000e+04	2.205055e+00	-3.404603e+00
5.51105420000e+04	2.208526e+00	-3.341488e+00
5.61414780000e+04	2.201756e+00	-3.290431e+00
5.71917010000e+04	2.199191e+00	-3.228850e+00
5.82615690000e+04	2.188918e+00	-3.164393e+00
5.93514510000e+04	2.189985e+00	-3.108974e+00
6.04617220000e+04	2.189814e+00	-3.062208e+00
6.15927610000e+04	2.185748e+00	-3.006508e+00
6.27449590000e+04	2.180188e+00	-2.954820e+00
6.39187110000e+04	2.180794e+00	-2.907348e+00
6.51144190000e+04	2.180539e+00	-2.854905e+00
6.63324960000e+04	2.173342e+00	-2.806571e+00
6.75733580000e+04	2.172465e+00	-2.753917e+00
6.88374340000e+04	2.164342e+00	-2.703906e+00
7.01251550000e+04	2.167199e+00	-2.662306e+00
7.14369660000e+04	2.164017e+00	-2.613534e+00
7.27733170000e+04	2.164489e+00	-2.571584e+00
7.41346660000e+04	2.160144e+00	-2.527092e+00
7.55214810000e+04	2.151762e+00	-2.480074e+00
7.69342400000e+04	2.148287e+00	-2.434096e+00
7.83734260000e+04	2.145718e+00	-2.394217e+00
7.98395350000e+04	2.143361e+00	-2.353132e+00
8.13330690000e+04	2.142384e+00	-2.318064e+00
8.28545430000e+04	2.138571e+00	-2.270878e+00
8.44044790000e+04	2.135838e+00	-2.236975e+00
8.59834090000e+04	2.134892e+00	-2.194344e+00
8.75918760000e+04	2.133590e+00	-2.158910e+00
8.92304310000e+04	2.132152e+00	-2.120012e+00
9.08996390000e+04	2.128390e+00	-2.085291e+00
9.26000720000e+04	2.124032e+00	-2.049067e+00
9.43323140000e+04	2.120957e+00	-2.014484e+00
9.60969610000e+04	2.118826e+00	-1.979274e+00
9.78946190000e+04	2.118026e+00	-1.947872e+00
9.97259050000e+04	2.118087e+00	-1.909421e+00
1.01591449000e+05	2.114851e+00	-1.880219e+00
1.03491890000e+05	2.113291e+00	-1.855507e+00
1.05427883000e+05	2.105703e+00	-1.818739e+00
1.07400091000e+05	2.106490e+00	-1.787717e+00
1.09409193000e+05	2.105616e+00	-1.751547e+00
1.11455879000e+05	2.103231e+00	-1.728067e+00
1.13540852000e+05	2.098939e+00	-1.695250e+00
1.15664827000e+05	2.095112e+00	-1.671208e+00
1.17828536000e+05	2.096942e+00	-1.640157e+00
1.20032720000e+05	2.095802e+00	-1.610876e+00
1.22278137000e+05	2.091188e+00	-1.584361e+00
1.24565558000e+05	2.088186e+00	-1.561835e+00
1.26895769000e+05	2.088666e+00	-1.534186e+00
1.29269572000e+05	2.086854e+00	-1.510024e+00
1.31687780000e+05	2.083241e+00	-1.481781e+00
1.34151225000e+05	2.083376e+00	-1.457224e+00
1.36660752000e+05	2.080302e+00	-1.430970e+00
1.39217225000e+05	2.076045e+00	-1.408614e+00
1.41821521000e+05	2.070221e+00	-1.386949e+00
1.44474535000e+05	2.071047e+00	-1.365528e+00
1.47177178000e+05	2.067320e+00	-1.340151e+00
1.49930378000e+05	2.067325e+00	-1.321510e+00
1.52735082000e+05	2.066593e+00	-1.295549e+00
1.55592253000e+05	2.059879e+00	-1.278036e+00
1.58502871000e+05	2.060438e+00	-1.255634e+00
1.61467938000e+05	2.062066e+00	-1.231677e+00
1.64488472000e+05	2.054795e+00	-1.214946e+00
1.67565510000e+05	2.053130e+00	-1.197515e+00
1.70700109000e+05	2.051089e+00	-1.173617e+00
1.73893346000e+05	2.048340e+00	-1.153885e+00
1.77146318000e+05	2.047957e+00	-1.135350e+00
1.80460142000e+05	2.045337e+00	-1.118848e+00
1.83835957000e+05	2.042702e+00	-1.096801e+00
1.87274923000e+05	2.043916e+00	-1.082832e+00
1.90778220000e+05	2.041346e+00	-1.063910e+00
1.94347053000e+05	2.041480e+00	-1.045697e+00
1.97982646000e+05	2.036280e+00	-1.029716e+00
2.01686250000e+05	2.037061e+00	-1.014076e+00
2.05459135000e+05	2.035997e+00	-9.976138e-01
2.09302599000e+05	2.033104e+00	-9.826401e-01
2.13217962000e+05	2.031169e+00	-9.653250e-01
2.17206568000e+05	2.028086e+00	-9.473572e-01
2.21269788000e+05	2.026559e+00	-9.342916e-01
2.25409017000e+05	2.025323e+00	-9.200177e-01
2.29625678000e+05	2.024031e+00	-9.081597e-01
2.33921218000e+05	2.022069e+00	-8.896215e-01
2.38297114000e+05	2.021148e+00	-8.780785e-01
2.42754869000e+05	2.018693e+00	-8.627481e-01
2.47296013000e+05	2.017259e+00	-8.473203e-01
2.51922107000e+05	2.016720e+00	-8.373258e-01
2.56634741000e+05	2.009739e+00	-8.224798e-01
2.61435532000e+05	2.012889e+00	-8.092827e-01
2.66326130000e+05	2.006857e+00	-7.985425e-01
2.71308215000e+05	2.005811e+00	-7.853875e-01
2.76383499000e+05	2.007325e+00	-7.717898e-01
2.81553724000e+05	2.000765e+00	-7.576864e-01
2.86820667000e+05	2.000350e+00	-7.500918e-01
2.92186138000e+05	2.003416e+00	-7.348287e-01
2.97651978000e+05	2.001424e+00	-7.247860e-01
3.03220067000e+05	1.998101e+00	-7.147982e-01
3.08892316000e+05	1.997382e+00	-6.996452e-01
3.14670675000e+05	1.998067e+00	-6.963326e-01
3.20557127000e+05	1.989384e+00	-6.811066e-01
3.26553695000e+05	1.993212e+00	-6.692169e-01
3.32662440000e+05	1.989304e+00	-6.626922e-01
3.38885459000e+05	1.989858e+00	-6.507503e-01
3.45224890000e+05	1.985202e+00	-6.445769e-01
3.51682912000e+05	1.986329e+00	-6.327609e-01
3.58261741000e+05	1.984405e+00	-6.203541e-01
3.64963639000e+05	1.987846e+00	-6.138316e-01
3.71790907000e+05	1.983355e+00	-6.002632e-01
3.78745891000e+05	1.978133e+00	-5.907310e-01
3.85830980000e+05	1.976258e+00	-5.862776e-01
3.93048607000e+05	1.972353e+00	-5.759653e-01
4.00401253000e+05	1.973270e+00	-5.696375e-01
4.07891442000e+05	1.973239e+00	-5.623528e-01
4.15521748000e+05	1.969519e+00	-5.487175e-01
4.23294792000e+05	1.971259e+00	-5.427070e-01
4.31213244000e+05	1.970333e+00	-5.328871e-01
4.39279824000e+05	1.966027e+00	-5.274620e-01
4.47497303000e+05	1.967596e+00	-5.250106e-01
4.55868505000e+05	1.963356e+00	-5.107548e-01
4.64396304000e+05	1.961325e+00	-5.056562e-01
4.73083630000e+05	1.959709e+00	-4.970239e-01
4.81933467000e+05	1.959000e+00	-4.911988e-01
4.90948855000e+05	1.958206e+00	-4.812326e-01
5.00132892000e+05	1.953621e+00	-4.803017e-01
5.09488732000e+05	1.951934e+00	-4.693438e-01
5.19019589000e+05	1.952009e+00	-4.650983e-01
5.28728737000e+05	1.947964e+00	-4.589244e-01
5.38619511000e+05	1.946737e+00	-4.540298e-01
5.48695309000e+05	1.945594e+00	-4.413306e-01
5.58959592000e+05	1.946369e+00	-4.381569e-01
5.69415885000e+05	1.943061e+00	-4.316480e-01
5.80067782000e+05	1.941177e+00	-4.260964e-01
5.90918941000e+05	1.940480e+00	-4.184678e-01
6.01973089000e+05	1.939941e+00	-4.160431e-01
6.13234023000e+05	1.936646e+00	-4.103584e-01
6.24705613000e+05	1.937824e+00	-4.031152e-01
6.36391799000e+05	1.937437e+00	-3.984224e-01
6.48296594000e+05	1.932127e+00	-3.933309e-01
6.60424089000e+05	1.935844e+00	-3.872916e-01
6.72778450000e+05	1.928369e+00	-3.819846e-01
6.85363919000e+05	1.927063e+00	-3.753195e-01
6.98184822000e+05	1.929463e+00	-3.678600e-01
7.11245562000e+05	1.928467e+00	-3.665474e-01
7.24550625000e+05	1.924635e+00	-3.654250e-01
7.38104581000e+05	1.924139e+00	-3.534001e-01
7.51912088000e+05	1.921370e+00	-3.534107e-01
7.65977888000e+05	1.917651e+00	-3.474222e-01
7.80306813000e+05	1.913018e+00	-3.423449e-01
7.94903784000e+05	1.912826e+00	-3.331322e-01
8.09773817000e+05	1.911022e+00	-3.346684e-01
8.24922019000e+05	1.913822e+00	-3.301068e-01
8.40353595000e+05	1.909546e+00	-3.254774e-01
8.56073844000e+05	1.906563e+00	-3.278642e-01
8.72088167000e+05	1.903698e+00	-3.138719e-01
8.88402066000e+05	1.905073e+00	-3.118320e-01
9.05021144000e+05	1.904152e+00	-3.051819e-01
9.21951110000e+05	1.903783e+00	-3.045502e-01
9.39197780000e+05	1.902732e+00	-3.002020e-01
9.56767078000e+05	1.896163e+00	-2.980224e-01
9.74665041000e+05	1.901553e+00	-2.879555e-01
9.92897815000e+05	1.898267e+00	-2.852510e-01
1.01147166400e+06	1.895895e+00	-2.884817e-01
1.03039296900e+06	1.895129e+00	-2.824501e-01
1.04966822900e+06	1.893420e+00	-2.754882e-01
1.06930406600e+06	1.887907e+00	-2.742677e-01
1.08930722500e+06	1.891068e+00	-2.707000e-01
1.10968457700e+06	1.891196e+00	-2.729880e-01
1.13044312200e+06	1.889577e+00	-2.687722e-01
1.15158999200e+06	1.884820e+00	-2.631147e-01
1.17313244900e+06	1.882030e+00	-2.593173e-01
1.19507789500e+06	1.880949e+00	-2.565493e-01
1.21743386800e+06	1.887664e+00	-2.546106e-01
1.24020804800e+06	1.877787e+00	-2.473506e-01
1.26340825800e+06	1.872187e+00	-2.475003e-01
1.28704246700e+06	1.877932e+00	-2.398801e-01
1.31111879400e+06	1.867092e+00	-2.417171e-01
1.33564551100e+06	1.868071e+00	-2.266822e-01
1.36063104100e+06	1.869036e+00	-2.388089e-01
1.38608396800e+06	1.869574e+00	-2.301248e-01
1.41201303600e+06	1.862094e+00	-2.281148e-01
1.43842715200e+06	1.863480e+00	-2.257900e-01
1.46533538800e+06	1.860260e+00	-2.162727e-01
1.49274698900e+06	1.860703e+00	-2.150038e-01
1.52067137100e+06	1.857277e+00	-2.160050e-01
1.54911812600e+06	1.858814e+00	-2.135332e-01
1.57809702700e+06	1.861067e+00	-2.112173e-01
1.60761802700e+06	1.853817e+00	-2.062559e-01
1.63769126700e+06	1.851376e+00	-2.005292e-01
1.66832708000e+06	1.848380e+00	-1.990613e-01
1.69953598700e+06	1.853111e+00	-2.012486e-01
1.73132871000e+06	1.845523e+00	-1.996687e-01
1.76371617100e+06	1.850024e+00	-1.994810e-01
1.79670949400e+06	1.846950e+00	-1.981797e-01
1.83032001300e+06	1.848633e+00	-1.862410e-01
1.86455927500e+06	1.840383e+00	-1.875475e-01
1.89943904100e+06	1.838928e+00	-1.850628e-01
1.93497129200e+06	1.841137e+00	-1.805921e-01
1.97116823500e+06	1.831912e+00	-1.763057e-01
2.00804230300e+06	1.827830e+00	-1.807265e-01
2.04560616400e+06	1.828801e+00	-1.729491e-01
2.08387272100e+06	1.832210e+00	-1.698840e-01
2.12285511900e+06	1.824607e+00	-1.700383e-01
2.16256675000e+06	1.824655e+00	-1.638827e-01
2.20302125400e+06	1.825969e+00	-1.692106e-01
2.24423252900e+06	1.819494e+00	-1.614299e-01
2.28621473200e+06	1.823400e+00	-1.595419e-01
2.32898228300e+06	1.822987e+00	-1.658087e-01
2.37254987400e+06	1.820859e+00	-1.599319e-01
2.41693247200e+06	1.813221e+00	-1.582559e-01
2.46214532100e+06	1.812300e+00	-1.534403e-01
2.50820395400e+06	1.817477e+00	-1.495505e-01
2.55512419300e+06	1.814681e+00	-1.473762e-01
2.60292215500e+06	1.811885e+00	-1.481586e-01
2.65161425900e+06	1.805282e+00	-1.408859e-01
2.70121723300e+06	1.806125e+00	-1.429873e-01
2.75174811400e+06	1.805139e+00	-1.386887e-01
2.80322426300e+06	1.813286e+00	-1.368529e-01
2.85566336000e+06	1.798037e+00	-1.335675e-01
2.90908342000e+06	1.791665e+00	-1.319720e-01
2.96350279400e+06	1.796682e+00	-1.219664e-01
3.01894017500e+06	1.791350e+00	-1.236197e-01
3.07541460700e+06	1.791005e+00	-1.232658e-01
3.13294549000e+06	1.789406e+00	-1.185078e-01
3.19155258600e+06	1.788803e+00	-1.166323e-01
3.25125602800e+06	1.784854e+00	-1.151578e-01
3.31207632400e+06	1.783314e+00	-1.115329e-01
3.37403436900e+06	1.782754e+00	-1.091581e-01
3.43715144400e+06	1.783077e+00	-1.053603e-01
3.50144923200e+06	1.778870e+00	-1.027591e-01
3.56694982000e+06	1.776829e+00	-1.060173e-01
3.63367570800e+06	1.773457e+00	-1.011034e-01
3.70164981800e+06	1.774616e+00	-1.012072e-01
3.77089550000e+06	1.768690e+00	-9.661177e-02
3.84143654100e+06	1.766723e+00	-9.023175e-02
3.91329717200e+06	1.763395e+00	-8.964567e-02
3.98650207900e+06	1.757743e+00	-8.492059e-02
4.06107640900e+06	1.758535e+00	-8.289872e-02
4.13704577900e+06	1.757251e+00	-8.382732e-02
4.21443628600e+06	1.752421e+00	-7.593885e-02
4.29327451400e+06	1.749236e+00	-7.585901e-02
4.37358754600e+06	1.749828e+00	-6.849152e-02
4.45540297100e+06	1.745580e+00	-6.779051e-02
4.53874889300e+06	1.743550e+00	-6.359379e-02
4.62365394300e+06	1.744655e+00	-6.345955e-02
4.71014728600e+06	1.739563e+00	-5.796764e-02
4.79825863600e+06	1.735646e+00	-5.539463e-02
4.88801825800e+06	1.732769e+00	-5.449010e-02
4.97945698800e+06	1.732129e+00	-4.784040e-02
5.07260623500e+06	1.733501e+00	-4.843359e-02
5.16749799800e+06	1.728646e+00	-4.370018e-02
5.26416487400e+06	1.725378e+00	-3.823292e-02
5.36264006800e+06	1.723092e+00	-3.736174e-02
5.46295740900e+06	1.719270e+00	-3.153933e-02
5.56515135800e+06	1.719125e+00	-2.940929e-02
5.66925701900e+06	1.710907e+00	-2.283852e-02
5.77531015400e+06	1.710812e+00	-1.955320e-02
5.88334719300e+06	1.707539e+00	-1.541196e-02
5.99340525100e+06	1.703528e+00	-1.498546e-02
6.10552213200e+06	1.703315e+00	-6.659521e-03
6.21973635100e+06	1.700846e+00	-3.315315e-03
6.33608714200e+06	1.696850e+00	3.657558e-03
6.45461447300e+06	1.691004e+00	3.134842e-03
6.57535906100e+06	1.692123e+00	4.426760e-03
6.69836238200e+06	1.688301e+00	1.046682e-02
6.82366669000e+06	1.684219e+00	1.358322e-02
6.95131503000e+06	1.684180e+00	1.611834e-02
7.08135124900e+06	1.680473e+00	2.255046e-02
7.21382001800e+06	1.678921e+00	3.195322e-02
7.34876684200e+06	1.674642e+00	3.215976e-02
7.48623807700e+06	1.671474e+00	4.089769e-02
7.62628094600e+06	1.666432e+00	4.482016e-02
7.76894355600e+06	1.667486e+00	4.699339e-02
7.91427491300e+06	1.663800e+00	5.094538e-02
8.06232494200e+06	1.660495e+00	5.848521e-02
8.21314450000e+06	1.654062e+00	6.217553e-02
8.36678539400e+06	1.651237e+00	6.696400e-02
8.52330040500e+06	1.650764e+00	7.124795e-02
8.68274329600e+06	1.644886e+00	8.049390e-02
8.84516883800e+06	1.640778e+00	8.395536e-02
9.01063282800e+06	1.637423e+00	8.924519e-02
9.17919210400e+06	1.633316e+00	9.810556e-02
9.35090456900e+06	1.633089e+00	1.021074e-01
9.52582920900e+06	1.626875e+00	1.117021e-01
9.70402611300e+06	1.624245e+00	1.167531e-01
9.88555649500e+06	1.616684e+00	1.237476e-01
1.00704827130e+07	1.617860e+00	1.300657e-01
1.02588682910e+07	1.609358e+00	1.370957e-01
1.04507779430e+07	1.604225e+00	1.431239e-01
1.06462775940e+07	1.602207e+00	1.531340e-01
1.08454343980e+07	1.597116e+00	1.609956e-01
1.10483167720e+07	1.598037e+00	1.667480e-01
1.12549944060e+07	1.593276e+00	1.758065e-01
1.14655382990e+07	1.588871e+00	1.808204e-01
1.16800207740e+07	1.584863e+00	1.869359e-01
1.18985155110e+07	1.582520e+00	1.969655e-01
1.21210975650e+07	1.577831e+00	2.023858e-01
1.23478433960e+07	1.573859e+00	2.167411e-01
1.25788308950e+07	1.573398e+00	2.267435e-01
1.28141394100e+07	1.566133e+00	2.364249e-01
1.30538497730e+07	1.564922e+00	2.440722e-01
1.32980443270e+07	1.560152e+00	2.534001e-01
1.35468069580e+07	1.549332e+00	2.656534e-01
1.38002231190e+07	1.549456e+00	2.791181e-01
1.40583798610e+07	1.542776e+00	2.870033e-01
1.43213658660e+07	1.544384e+00	2.978206e-01
1.45892714740e+07	1.537566e+00	3.085597e-01
1.48621887140e+07	1.528843e+00	3.126768e-01
1.51402113360e+07	1.523982e+00	3.242372e-01
1.54234348470e+07	1.521385e+00	3.310004e-01
1.57119565370e+07	1.517130e+00	3.476726e-01
1.60058755190e+07	1.513995e+00	3.588502e-01
1.63052927560e+07	1.507192e+00	3.688183e-01
1.66103111050e+07	1.498038e+00	3.810161e-01
1.69210353420e+07	1.495869e+00	3.955622e-01
1.72375722070e+07	1.493215e+00	4.083539e-01
1.75600304350e+07	1.489648e+00	4.200633e-01
1.78885207950e+07	1.484004e+00	4.347129e-01
1.82231561280e+07	1.478009e+00	4.438689e-01
1.85640513860e+07	1.475630e+00	4.607542e-01
1.89113236730e+07	1.468784e+00	4.777997e-01
1.92650922800e+07	1.464502e+00	4.905827e-01
1.96254787340e+07	1.457625e+00	5.061994e-01
1.99926068310e+07	1.453321e+00	5.227814e-01
2.03666026870e+07	1.448285e+00	5.321503e-01
2.07475947740e+07	1.447029e+00	5.483170e-01
2.11357139690e+07	1.442057e+00	5.675452e-01
2.15310935960e+07	1.435214e+00	5.814488e-01
2.19338694740e+07	1.427069e+00	5.973139e-01
2.23441799630e+07	1.422650e+00	6.176686e-01
2.27621660100e+07	1.422895e+00	6.345108e-01
2.31879712010e+07	1.411850e+00	6.574297e-01
2.36217418040e+07	1.409865e+00	6.726248e-01
2.40636268280e+07	1.404351e+00	6.871529e-01
2.45137780650e+07	1.398023e+00	7.066216e-01
2.49723501510e+07	1.396968e+00	7.267351e-01
2.54395006100e+07	1.386006e+00	7.495856e-01
2.59153899160e+07	1.382611e+00	7.717741e-01
2.64001815450e+07	1.380125e+00	7.907896e-01
2.68940420290e+07	1.369763e+00	8.106759e-01
2.73971410170e+07	1.364729e+00	8.352325e-01
2.79096513310e+07	1.362873e+00	8.564670e-01
2.84317490250e+07	1.351117e+00	8.789399e-01
2.89636134490e+07	1.344297e+00	9.003782e-01
2.95054273050e+07	1.338010e+00	9.222505e-01
3.00573767140e+07	1.334564e+00	9.451952e-01
3.06196512800e+07	1.328401e+00	9.738817e-01
3.11924441520e+07	1.323916e+00	9.923432e-01
3.17759520930e+07	1.318810e+00	1.024908e+00
3.23703755460e+07	1.306465e+00	1.046355e+00
3.29759187060e+07	1.305045e+00	1.072082e+00
3.35927895840e+07	1.295843e+00	1.102745e+00
3.42212000850e+07	1.297073e+00	1.125566e+00
3.48613660790e+07	1.290270e+00	1.158260e+00
3.55135074700e+07	1.287545e+00	1.189359e+00
3.61778482800e+07	1.278080e+00	1.214221e+00
3.68546167200e+07	1.268200e+00	1.246434e+00
3.75440452690e+07	1.267336e+00	1.276689e+00
3.82463707560e+07	1.252210e+00	1.307410e+00
3.89618344410e+07	1.255247e+00	1.341418e+00
3.96906820970e+07	1.244048e+00	1.373845e+00
4.04331640920e+07	1.238110e+00	1.404575e+00
4.11895354820e+07	1.231184e+00	1.441190e+00
4.19600560900e+07	1.223372e+00	1.481010e+00
4.27449906010e+07	1.221791e+00	1.510212e+00
4.35446086540e+07	1.214952e+00	1.542682e+00
4.43591849280e+07	1.209316e+00	1.581172e+00
4.51889992420e+07	1.202388e+00	1.617532e+00
4.60343366500e+07	1.195586e+00	1.659432e+00
4.68954875380e+07	1.187697e+00	1.697572e+00
4.77727477250e+07	1.180212e+00	1.733500e+00
4.86664185610e+07	1.174966e+00	1.776244e+00
4.95768070360e+07	1.168795e+00	1.819299e+00
5.05042258830e+07	1.164153e+00	1.855834e+00
5.14489936840e+07	1.161762e+00	1.898685e+00
5.24114349790e+07	1.153118e+00	1.941120e+00
5.33918803830e+07	1.143023e+00	1.985013e+00
5.43906666920e+07	1.131367e+00	2.039372e+00
5.54081370050e+07	1.128298e+00	2.084942e+00
5.64446408380e+07	1.124571e+00	2.128965e+00
5.75005342460e+07	1.123797e+00	2.178378e+00
5.85761799430e+07	1.117169e+00	2.228481e+00
5.96719474300e+07	1.104989e+00	2.281670e+00
6.07882131190e+07	1.097622e+00	2.330511e+00
6.19253604650e+07	1.096949e+00	2.381021e+00
6.30837800930e+07	1.092321e+00	2.438231e+00
6.42638699390e+07	1.083933e+00	2.488286e+00
6.54660353810e+07	1.077603e+00	2.542337e+00
6.66906893810e+07	1.066923e+00	2.601363e+00
6.79382526260e+07	1.061163e+00	2.654833e+00
6.92091536720e+07	1.056823e+00	2.710722e+00
7.05038290920e+07	1.053288e+00	2.767956e+00
7.18227236270e+07	1.044620e+00	2.826656e+00
7.31662903370e+07	1.039201e+00	2.892356e+00
7.45349907570e+07	1.036514e+00	2.954818e+00
7.59292950560e+07	1.029109e+00	3.018697e+00
7.73496821980e+07	1.022958e+00	3.085498e+00
7.87966401080e+07	1.015697e+00	3.152012e+00
8.02706658360e+07	1.015002e+00	3.217959e+00
8.17722657330e+07	1.006039e+00	3.286160e+00
8.33019556210e+07	1.004615e+00	3.361011e+00
8.48602609700e+07	9.985441e-01	3.430036e+00
8.64477170830e+07	9.899130e-01	3.504876e+00
8.80648692730e+07	9.855381e-01	3.580550e+00
8.97122730570e+07	9.798292e-01	3.649185e+00
9.13904943420e+07	9.802091e-01	3.728465e+00
9.31001096230e+07	9.757426e-01	3.806398e+00
9.48417061770e+07	9.692888e-01	3.888195e+00
9.66158822700e+07	9.684680e-01	3.968781e+00
9.84232473560e+07	9.598901e-01	4.052275e+00
1.00264422293e+08	9.527471e-01	4.133205e+00
1.02140039551e+08	9.482150e-01	4.222639e+00
1.04050743434e+08	9.445291e-01	4.309385e+00
1.05997190296e+08	9.411097e-01	4.395039e+00
1.07980048771e+08	9.274485e-01	4.484919e+00
1.10000000000e+08	9.289241e-01	4.582045e+00


"TRACE: B"

"Frequency"	"Data Trace Real"	"Data Trace Imag"
4.00000000000e+01	2.354714e-06	2.628251e-04
4.07480000000e+01	2.573865e-06	2.676545e-04
4.15110000000e+01	3.046262e-06	2.727887e-04
4.22870000000e+01	2.727251e-06	2.776917e-04
4.30780000000e+01	2.843722e-06	2.828090e-04
4.38840000000e+01	2.898219e-06	2.882454e-04
4.47050000000e+01	3.077041e-06	2.937473e-04
4.55410000000e+01	2.849246e-06	2.990944e-04
4.63930000000e+01	2.723306e-06	3.045593e-04
4.72610000000e+01	3.251137e-06	3.106589e-04
4.81450000000e+01	3.068112e-06	3.163888e-04
4.90460000000e+01	3.665366e-06	3.221398e-04
4.99630000000e+01	3.547920e-06	3.281145e-04
5.08980000000e+01	3.612309e-06	3.339857e-04
5.18500000000e+01	3.713470e-06	3.403109e-04
5.28200000000e+01	3.898076e-06	3.466413e-04
5.38080000000e+01	3.550767e-06	3.533021e-04
5.48150000000e+01	3.840347e-06	3.594715e-04
5.58400000000e+01	3.544332e-06	3.664934e-04
5.68850000000e+01	3.740838e-06	3.728745e-04
5.79490000000e+01	3.879212e-06	3.798920e-04
5.90330000000e+01	4.380273e-06	3.877131e-04
6.01370000000e+01	4.455121e-06	3.945811e-04
6.12620000000e+01	4.170487e-06	4.020267e-04
6.24080000000e+01	4.282789e-06	4.093902e-04
6.35750000000e+01	4.542721e-06	4.175004e-04
6.47650000000e+01	4.692088e-06	4.243392e-04
6.59760000000e+01	4.868469e-06	4.324137e-04
6.72100000000e+01	4.924940e-06	4.408750e-04
6.84680000000e+01	5.312585e-06	4.490331e-04
6.97490000000e+01	5.215594e-06	4.574520e-04
7.10530000000e+01	5.411600e-06	4.659006e-04
7.23820000000e+01	6.045238e-06	4.743900e-04
7.37360000000e+01	5.734002e-06	4.831413e-04
7.51160000000e+01	5.946712e-06	4.919987e-04
7.65210000000e+01	5.741206e-06	5.015830e-04
7.79520000000e+01	6.388915e-06	5.105984e-04
7.94110000000e+01	6.457944e-06	5.203960e-04
8.08960000000e+01	6.517160e-06	5.297951e-04
8.24100000000e+01	6.400041e-06	5.398964e-04
8.39510000000e+01	7.278650e-06	5.499037e-04
8.55220000000e+01	7.032121e-06	5.603544e-04
8.71210000000e+01	7.410699e-06	5.705719e-04
8.87510000000e+01	7.167431e-06	5.808596e-04
9.04110000000e+01	7.776535e-06	5.916904e-04
9.21030000000e+01	8.227037e-06	6.029207e-04
9.38260000000e+01	8.290282e-06	6.138872e-04
9.55810000000e+01	8.636075e-06	6.257429e-04
9.73690000000e+01	8.427302e-06	6.375287e-04
9.91900000000e+01	8.650172e-06	6.486719e-04
1.01046000000e+02	9.019826e-06	6.611671e-04
1.02936000000e+02	9.547492e-06	6.735906e-04
1.04862000000e+02	9.657959e-06	6.864563e-04
1.06823000000e+02	9.632202e-06	6.984459e-04
1.08822000000e+02	9.594282e-06	7.120112e-04
1.10857000000e+02	1.059447e-05	7.255098e-04
1.12931000000e+02	1.017320e-05	7.379186e-04
1.15044000000e+02	1.104103e-05	7.525512e-04
1.17196000000e+02	1.168521e-05	7.662097e-04
1.19388000000e+02	1.121130e-05	7.802583e-04
1.21621000000e+02	1.157368e-05	7.952838e-04
1.23897000000e+02	1.193509e-05	8.097717e-04
1.26214000000e+02	1.234890e-05	8.249212e-04
1.28575000000e+02	1.250353e-05	8.397204e-04
1.30980000000e+02	1.345180e-05	8.559966e-04
1.33431000000e+02	1.409865e-05	8.706786e-04
1.35927000000e+02	1.410764e-05	8.880678e-04
1.38469000000e+02	1.399279e-05	9.042763e-04
1.41060000000e+02	1.441973e-05	9.199922e-04
1.43699000000e+02	1.486393e-05	9.380570e-04
1.46387000000e+02	1.523459e-05	9.557930e-04
1.49125000000e+02	1.625134e-05	9.732480e-04
1.51915000000e+02	1.656815e-05	9.908958e-04
1.54757000000e+02	1.671647e-05	1.009949e-03
1.57652000000e+02	1.719954e-05	1.027487e-03
1.60601000000e+02	1.755742e-05	1.048384e-03
1.63605000000e+02	1.869934e-05	1.067833e-03
1.66666000000e+02	1.855498e-05	1.086671e-03
1.69783000000e+02	1.957779e-05	1.107526e-03
1.72959000000e+02	2.029362e-05	1.128192e-03
1.76195000000e+02	2.110785e-05	1.148866e-03
1.79491000000e+02	2.124104e-05	1.170816e-03
1.82849000000e+02	2.202440e-05	1.191682e-03
1.86269000000e+02	2.319278e-05	1.214548e-03
1.89754000000e+02	2.322177e-05	1.237839e-03
1.93303000000e+02	2.333825e-05	1.259272e-03
1.96919000000e+02	2.366293e-05	1.282684e-03
2.00603000000e+02	2.373693e-05	1.306959e-03
2.04356000000e+02	2.652153e-05	1.330557e-03
2.08178000000e+02	2.639152e-05	1.355125e-03
2.12073000000e+02	2.685123e-05	1.380408e-03
2.16040000000e+02	2.796066e-05	1.405732e-03
2.20081000000e+02	2.817954e-05	1.431933e-03
2.24198000000e+02	3.049829e-05	1.459300e-03
2.28392000000e+02	3.153191e-05	1.486289e-03
2.32665000000e+02	3.142390e-05	1.514976e-03
2.37017000000e+02	3.291323e-05	1.540179e-03
2.41451000000e+02	3.390384e-05	1.570612e-03
2.45968000000e+02	3.588504e-05	1.599348e-03
2.50569000000e+02	3.632619e-05	1.629537e-03
2.55256000000e+02	3.792104e-05	1.659654e-03
2.60031000000e+02	3.711150e-05	1.690271e-03
2.64896000000e+02	4.057936e-05	1.721844e-03
2.69851000000e+02	4.099135e-05	1.751970e-03
2.74899000000e+02	4.254354e-05	1.785919e-03
2.80042000000e+02	4.299138e-05	1.817866e-03
2.85280000000e+02	4.464895e-05	1.849494e-03
2.90617000000e+02	4.382654e-05	1.887478e-03
2.96053000000e+02	4.812900e-05	1.922817e-03
3.01591000000e+02	4.860237e-05	1.956147e-03
3.07233000000e+02	5.034467e-05	1.992144e-03
3.12981000000e+02	5.183549e-05	2.028085e-03
3.18835000000e+02	5.393473e-05	2.067379e-03
3.24800000000e+02	5.393889e-05	2.104667e-03
3.30876000000e+02	5.252568e-05	2.146752e-03
3.37065000000e+02	5.753080e-05	2.184128e-03
3.43371000000e+02	5.818422e-05	2.225586e-03
3.49794000000e+02	6.148503e-05	2.266849e-03
3.56338000000e+02	6.346726e-05	2.306473e-03
3.63003000000e+02	6.619957e-05	2.350243e-03
3.69794000000e+02	6.662656e-05	2.392350e-03
3.76712000000e+02	6.703657e-05	2.435108e-03
3.83759000000e+02	7.181119e-05	2.483139e-03
3.90938000000e+02	7.151900e-05	2.527676e-03
3.98251000000e+02	7.582104e-05	2.578570e-03
4.05701000000e+02	7.528580e-05	2.624634e-03
4.13290000000e+02	8.006024e-05	2.670926e-03
4.21021000000e+02	8.592497e-05	2.725999e-03
4.28897000000e+02	8.399233e-05	2.771723e-03
4.36920000000e+02	8.670995e-05	2.822422e-03
4.45094000000e+02	9.136665e-05	2.876814e-03
4.53420000000e+02	9.334200e-05	2.923337e-03
4.61902000000e+02	9.767275e-05	2.976864e-03
4.70543000000e+02	9.948895e-05	3.036827e-03
4.79345000000e+02	1.025270e-04	3.093996e-03
4.88312000000e+02	1.024833e-04	3.149567e-03
4.97447000000e+02	1.056238e-04	3.202953e-03
5.06752000000e+02	1.138807e-04	3.263533e-03
5.16232000000e+02	1.105349e-04	3.324667e-03
5.25889000000e+02	1.216765e-04	3.388250e-03
5.35727000000e+02	1.251246e-04	3.450326e-03
5.45748000000e+02	1.232061e-04	3.508959e-03
5.55957000000e+02	1.321388e-04	3.577427e-03
5.66358000000e+02	1.343343e-04	3.642826e-03
5.76952000000e+02	1.350295e-04	3.710682e-03
5.87745000000e+02	1.445599e-04	3.776326e-03
5.98740000000e+02	1.437149e-04	3.843212e-03
6.09940000000e+02	1.493217e-04	3.915970e-03
6.21350000000e+02	1.503984e-04	3.991333e-03
6.32974000000e+02	1.602618e-04	4.062866e-03
6.44815000000e+02	1.641239e-04	4.135261e-03
6.56877000000e+02	1.680039e-04	4.202771e-03
6.69165000000e+02	1.770714e-04	4.291184e-03
6.81683000000e+02	1.835741e-04	4.368150e-03
6.94435000000e+02	1.881704e-04	4.444844e-03
7.07425000000e+02	1.840525e-04	4.528753e-03
7.20659000000e+02	1.921452e-04	4.610393e-03
7.34140000000e+02	1.964252e-04	4.694765e-03
7.47874000000e+02	2.141483e-04	4.774437e-03
7.61864000000e+02	2.085447e-04	4.870583e-03
7.76116000000e+02	2.177319e-04	4.963943e-03
7.90634000000e+02	2.230356e-04	5.043022e-03
8.05425000000e+02	2.386601e-04	5.145038e-03
8.20491000000e+02	2.484391e-04	5.233622e-03
8.35840000000e+02	2.384837e-04	5.323642e-03
8.51476000000e+02	2.590231e-04	5.422196e-03
8.67404000000e+02	2.638678e-04	5.523918e-03
8.83630000000e+02	2.626542e-04	5.632540e-03
9.00160000000e+02	2.778565e-04	5.731599e-03
9.16999000000e+02	2.883771e-04	5.822035e-03
9.34153000000e+02	2.997686e-04	5.939397e-03
9.51628000000e+02	2.972813e-04	6.053170e-03
9.69430000000e+02	3.140916e-04	6.144502e-03
9.87565000000e+02	3.163840e-04	6.271567e-03
1.00603900000e+03	3.212228e-04	6.381662e-03
1.02485900000e+03	3.300222e-04	6.493770e-03
1.04403000000e+03	3.398557e-04	6.624916e-03
1.06356100000e+03	3.543075e-04	6.750927e-03
1.08345700000e+03	3.780749e-04	6.856374e-03
1.10372400000e+03	3.756694e-04	6.994706e-03
1.12437200000e+03	3.817048e-04	7.117727e-03
1.14540500000e+03	3.934580e-04	7.252426e-03
1.16683200000e+03	4.179425e-04	7.363942e-03
1.18865900000e+03	4.159397e-04	7.521001e-03
1.21089500000e+03	4.373878e-04	7.646445e-03
1.23354700000e+03	4.423319e-04	7.776516e-03
1.25662300000e+03	4.629056e-04	7.928314e-03
1.28013000000e+03	4.561554e-04	8.064900e-03
1.30407700000e+03	4.935765e-04	8.214617e-03
1.32847200000e+03	5.095060e-04	8.367063e-03
1.35332300000e+03	5.009577e-04	8.501578e-03
1.37863900000e+03	5.149223e-04	8.676458e-03
1.40442900000e+03	5.389058e-04	8.821388e-03
1.43070100000e+03	5.570466e-04	8.978432e-03
1.45746500000e+03	5.695068e-04	9.154419e-03
1.48472900000e+03	5.953953e-04	9.313029e-03
1.51250400000e+03	6.002536e-04	9.475438e-03
1.54079800000e+03	6.332712e-04	9.651027e-03
1.56962100000e+03	6.248101e-04	9.852112e-03
1.59898400000e+03	6.286724e-04	9.999368e-03
1.62889500000e+03	6.959073e-04	1.019281e-02
1.65936700000e+03	6.633664e-04	1.035394e-02
1.69040800000e+03	6.984462e-04	1.056079e-02
1.72203000000e+03	7.247736e-04	1.072815e-02
1.75424300000e+03	7.336874e-04	1.093324e-02
1.78705900000e+03	7.760211e-04	1.110462e-02
1.82048900000e+03	7.986407e-04	1.131843e-02
1.85454500000e+03	8.305865e-04	1.151645e-02
1.88923700000e+03	8.391423e-04	1.176993e-02
1.92457900000e+03	8.561045e-04	1.198103e-02
1.96058100000e+03	8.856946e-04	1.217070e-02
1.99725700000e+03	9.137038e-04	1.240952e-02
2.03461900000e+03	9.636754e-04	1.260652e-02
2.07268000000e+03	9.648416e-04	1.286703e-02
2.11145300000e+03	1.033399e-03	1.306924e-02
2.15095200000e+03	1.005177e-03	1.328393e-02
2.19118900000e+03	1.045201e-03	1.356421e-02
2.23217900000e+03	1.081906e-03	1.380012e-02
2.27393600000e+03	1.119749e-03	1.406393e-02
2.31647300000e+03	1.156679e-03	1.427966e-02
2.35980700000e+03	1.156657e-03	1.456151e-02
2.40395100000e+03	1.239126e-03	1.485022e-02
2.44892100000e+03	1.276049e-03	1.507778e-02
2.49473200000e+03	1.317175e-03	1.533415e-02
2.54140100000e+03	1.328453e-03	1.563214e-02
2.58894200000e+03	1.361165e-03	1.587572e-02
2.63737300000e+03	1.389007e-03	1.620256e-02
2.68670900000e+03	1.437538e-03	1.648913e-02
2.73696900000e+03	1.476212e-03	1.681289e-02
2.78816800000e+03	1.466178e-03	1.712818e-02
2.84032600000e+03	1.539078e-03	1.735201e-02
2.89345900000e+03	1.617181e-03	1.768655e-02
2.94758600000e+03	1.636805e-03	1.803029e-02
3.00272600000e+03	1.694808e-03	1.829048e-02
3.05889700000e+03	1.685029e-03	1.862078e-02
3.11611900000e+03	1.760017e-03	1.898490e-02
3.17441100000e+03	1.808126e-03	1.927482e-02
3.23379400000e+03	1.821434e-03	1.964635e-02
3.29428700000e+03	1.942301e-03	2.003144e-02
3.35591300000e+03	2.029855e-03	2.041598e-02
3.41869100000e+03	2.068119e-03	2.074383e-02
3.48264300000e+03	2.082948e-03	2.107675e-02
3.54779200000e+03	2.149497e-03	2.152957e-02
3.61415900000e+03	2.192376e-03	2.182175e-02
3.68176800000e+03	2.291850e-03	2.225626e-02
3.75064200000e+03	2.383895e-03	2.264044e-02
3.82080400000e+03	2.456393e-03	2.298533e-02
3.89227900000e+03	2.481806e-03	2.344504e-02
3.96509100000e+03	2.621116e-03	2.387517e-02
4.03926400000e+03	2.532512e-03	2.428094e-02
4.11482600000e+03	2.685575e-03	2.474905e-02
4.19180100000e+03	2.716679e-03	2.507863e-02
4.27021500000e+03	2.822581e-03	2.558205e-02
4.35009700000e+03	2.914904e-03	2.606676e-02
4.43147300000e+03	3.046703e-03	2.648874e-02
4.51437100000e+03	3.087272e-03	2.694395e-02
4.59882000000e+03	3.178925e-03	2.742385e-02
4.68484900000e+03	3.236571e-03	2.790682e-02
4.77248700000e+03	3.361476e-03	2.843362e-02
4.86176500000e+03	3.451205e-03	2.890647e-02
4.95271200000e+03	3.546172e-03	2.948463e-02
5.04536100000e+03	3.608005e-03	2.991301e-02
5.13974400000e+03	3.742835e-03	3.040460e-02
5.23589100000e+03	3.878182e-03	3.103594e-02
5.33383700000e+03	3.969917e-03	3.154007e-02
5.43361600000e+03	4.159415e-03	3.211939e-02
5.53526100000e+03	4.089364e-03	3.267463e-02
5.63880800000e+03	4.430911e-03	3.326024e-02
5.74429100000e+03	4.459829e-03	3.380498e-02
5.85174800000e+03	4.615142e-03	3.439863e-02
5.96121500000e+03	4.675542e-03	3.501302e-02
6.07273000000e+03	4.790502e-03	3.565836e-02
6.18633000000e+03	5.060348e-03	3.617807e-02
6.30205600000e+03	5.047395e-03	3.684923e-02
6.41994700000e+03	5.198111e-03	3.758585e-02
6.54004300000e+03	5.397376e-03	3.818682e-02
6.66238600000e+03	5.568811e-03	3.889463e-02
6.78701700000e+03	5.742104e-03	3.959904e-02
6.91398000000e+03	5.896654e-03	4.007991e-02
7.04331800000e+03	5.901936e-03	4.089137e-02
7.17507500000e+03	6.177199e-03	4.145881e-02
7.30929700000e+03	6.300459e-03	4.238167e-02
7.44603000000e+03	6.527237e-03	4.303477e-02
7.58532000000e+03	6.787899e-03	4.386415e-02
7.72721700000e+03	6.957740e-03	4.462808e-02
7.87176800000e+03	7.060140e-03	4.538789e-02
8.01902200000e+03	7.293259e-03	4.611865e-02
8.16903200000e+03	7.475214e-03	4.692818e-02
8.32184800000e+03	7.723557e-03	4.765812e-02
8.47752200000e+03	7.870016e-03	4.841202e-02
8.63610900000e+03	8.206589e-03	4.931093e-02
8.79766200000e+03	8.399107e-03	5.027489e-02
8.96223700000e+03	8.588058e-03	5.104024e-02
9.12989100000e+03	9.051596e-03	5.193247e-02
9.30068100000e+03	9.185608e-03	5.279394e-02
9.47466600000e+03	9.499473e-03	5.376525e-02
9.65190600000e+03	9.804197e-03	5.457715e-02
9.83246100000e+03	9.891914e-03	5.554153e-02
1.00163940000e+04	1.028175e-02	5.655241e-02
1.02037680000e+04	1.050549e-02	5.750040e-02
1.03946470000e+04	1.082768e-02	5.862415e-02
1.05890970000e+04	1.106198e-02	5.961528e-02
1.07871840000e+04	1.136368e-02	6.062089e-02
1.09889770000e+04	1.169340e-02	6.167023e-02
1.11945440000e+04	1.219488e-02	6.262192e-02
1.14039570000e+04	1.250232e-02	6.365168e-02
1.16172880000e+04	1.279547e-02	6.472810e-02
1.18346090000e+04	1.337278e-02	6.603626e-02
1.20559960000e+04	1.363511e-02	6.688163e-02
1.22815240000e+04	1.385847e-02	6.814958e-02
1.25112700000e+04	1.427180e-02	6.925610e-02
1.27453150000e+04	1.473648e-02	7.047816e-02
1.29837380000e+04	1.531908e-02	7.157587e-02
1.32266210000e+04	1.587711e-02	7.279982e-02
1.34740470000e+04	1.632002e-02	7.405497e-02
1.37261030000e+04	1.653220e-02	7.523672e-02
1.39828730000e+04	1.717026e-02	7.648993e-02
1.42444460000e+04	1.760517e-02	7.777255e-02
1.45109130000e+04	1.835953e-02	7.910070e-02
1.47823640000e+04	1.859420e-02	8.038468e-02
1.50588940000e+04	1.932969e-02	8.153196e-02
1.53405960000e+04	1.973605e-02	8.285347e-02
1.56275680000e+04	2.037949e-02	8.453906e-02
1.59199080000e+04	2.080579e-02	8.597487e-02
1.62177180000e+04	2.162893e-02	8.703785e-02
1.65210980000e+04	2.211706e-02	8.866014e-02
1.68301530000e+04	2.307613e-02	9.004239e-02
1.71449900000e+04	2.350804e-02	9.150142e-02
1.74657160000e+04	2.421542e-02	9.297004e-02
1.77924420000e+04	2.496625e-02	9.464930e-02
1.81252800000e+04	2.551213e-02	9.633980e-02
1.84643440000e+04	2.669123e-02	9.763295e-02
1.88097520000e+04	2.752072e-02	9.923008e-02
1.91616200000e+04	2.847231e-02	1.007800e-01
1.95200710000e+04	2.888259e-02	1.025942e-01
1.98852270000e+04	3.020031e-02	1.041422e-01
2.02572140000e+04	3.058686e-02	1.056664e-01
2.06361600000e+04	3.167955e-02	1.074558e-01
2.10221950000e+04	3.242967e-02	1.088914e-01
2.14154510000e+04	3.346572e-02	1.109870e-01
2.18160630000e+04	3.429681e-02	1.125732e-01
2.22241700000e+04	3.598114e-02	1.144053e-01
2.26399110000e+04	3.698636e-02	1.157824e-01
2.30634290000e+04	3.771963e-02	1.178676e-01
2.34948700000e+04	3.901395e-02	1.196355e-01
2.39343820000e+04	4.032150e-02	1.215507e-01
2.43821150000e+04	4.115474e-02	1.233120e-01
2.48382240000e+04	4.255293e-02	1.251972e-01
2.53028660000e+04	4.341767e-02	1.268767e-01
2.57761990000e+04	4.508165e-02	1.287319e-01
2.62583870000e+04	4.667880e-02	1.302963e-01
2.67495950000e+04	4.779005e-02	1.325505e-01
2.72499920000e+04	4.915352e-02	1.344387e-01
2.77597490000e+04	5.073179e-02	1.364256e-01
2.82790430000e+04	5.237383e-02	1.384754e-01
2.88080510000e+04	5.390253e-02	1.408270e-01
2.93469550000e+04	5.563810e-02	1.422632e-01
2.98959390000e+04	5.664877e-02	1.439073e-01
3.04551940000e+04	5.848978e-02	1.461938e-01
3.10249110000e+04	6.020173e-02	1.483186e-01
3.16052840000e+04	6.212858e-02	1.504405e-01
3.21965150000e+04	6.346430e-02	1.525208e-01
3.27988060000e+04	6.589179e-02	1.543452e-01
3.34123640000e+04	6.763139e-02	1.564646e-01
3.40373990000e+04	6.941335e-02	1.583815e-01
3.46741270000e+04	7.129946e-02	1.603681e-01
3.53227660000e+04	7.311374e-02	1.622560e-01
3.59835380000e+04	7.574253e-02	1.645895e-01
3.66566720000e+04	7.788400e-02	1.660627e-01
3.73423970000e+04	7.924340e-02	1.691137e-01
3.80409510000e+04	8.264204e-02	1.706109e-01
3.87525720000e+04	8.430773e-02	1.730265e-01
3.94775050000e+04	8.638039e-02	1.747600e-01
4.02159990000e+04	8.907615e-02	1.773810e-01
4.09683080000e+04	9.175944e-02	1.788134e-01
4.17346900000e+04	9.403325e-02	1.807737e-01
4.25154090000e+04	9.675500e-02	1.827295e-01
4.33107320000e+04	9.912398e-02	1.843206e-01
4.41209330000e+04	1.017876e-01	1.868747e-01
4.49462910000e+04	1.044886e-01	1.886983e-01
4.57870880000e+04	1.075660e-01	1.908293e-01
4.66436130000e+04	1.102690e-01	1.925350e-01
4.75161620000e+04	1.131693e-01	1.942738e-01
4.84050330000e+04	1.159764e-01	1.961114e-01
4.93105320000e+04	1.191639e-01	1.979599e-01
5.02329690000e+04	1.215196e-01	1.998736e-01
5.11726630000e+04	1.249315e-01	2.016880e-01
5.21299350000e+04	1.278512e-01	2.035036e-01
5.31051140000e+04	1.311100e-01	2.053631e-01
5.40985360000e+04	1.340167e-01	2.069216e-01
5.51105420000e+04	1.376618e-01	2.082816e-01
5.61414780000e+04	1.404659e-01	2.099203e-01
5.71917010000e+04	1.440967e-01	2.115626e-01
5.82615690000e+04	1.478524e-01	2.137418e-01
5.93514510000e+04	1.514328e-01	2.149791e-01
6.04617220000e+04	1.545126e-01	2.160684e-01
6.15927610000e+04	1.581974e-01	2.176014e-01
6.27449590000e+04	1.616849e-01	2.191323e-01
6.39187110000e+04	1.651049e-01	2.201113e-01
6.51144190000e+04	1.689655e-01	2.212207e-01
6.63324960000e+04	1.724839e-01	2.227392e-01
6.75733580000e+04	1.765706e-01	2.238290e-01
6.88374340000e+04	1.804298e-01	2.254103e-01
7.01251550000e+04	1.839005e-01	2.259135e-01
7.14369660000e+04	1.879542e-01	2.269968e-01
7.27733170000e+04	1.915807e-01	2.276129e-01
7.41346660000e+04	1.954454e-01	2.286461e-01
7.55214810000e+04	1.995912e-01	2.300445e-01
7.69342400000e+04	2.038231e-01	2.309398e-01
7.83734260000e+04	2.075889e-01	2.316301e-01
7.98395350000e+04	2.115598e-01	2.322652e-01
8.13330690000e+04	2.150290e-01	2.326619e-01
8.28545430000e+04	2.197831e-01	2.333803e-01
8.44044790000e+04	2.232771e-01	2.338498e-01
8.59834090000e+04	2.277727e-01	2.341156e-01
8.75918760000e+04	2.315823e-01	2.343305e-01
8.92304310000e+04	2.358439e-01	2.345011e-01
9.08996390000e+04	2.397245e-01	2.348702e-01
9.26000720000e+04	2.438561e-01	2.352495e-01
9.43323140000e+04	2.478737e-01	2.354302e-01
9.60969610000e+04	2.520327e-01	2.354331e-01
9.78946190000e+04	2.557929e-01	2.352435e-01
9.97259050000e+04	2.604574e-01	2.347981e-01
1.01591449000e+05	2.640983e-01	2.347979e-01
1.03491890000e+05	2.672040e-01	2.346099e-01
1.05427883000e+05	2.719915e-01	2.349247e-01
1.07400091000e+05	2.759631e-01	2.342018e-01
1.09409193000e+05	2.806913e-01	2.334918e-01
1.11455879000e+05	2.838446e-01	2.332138e-01
1.13540852000e+05	2.883388e-01	2.328826e-01
1.15664827000e+05	2.916996e-01	2.326800e-01
1.17828536000e+05	2.958740e-01	2.314225e-01
1.20032720000e+05	2.999442e-01	2.305432e-01
1.22278137000e+05	3.038075e-01	2.301756e-01
1.24565558000e+05	3.070930e-01	2.296866e-01
1.26895769000e+05	3.109868e-01	2.284288e-01
1.29269572000e+05	3.145159e-01	2.275802e-01
1.31687780000e+05	3.187543e-01	2.267257e-01
1.34151225000e+05	3.223065e-01	2.254384e-01
1.36660752000e+05	3.263049e-01	2.244542e-01
1.39217225000e+05	3.298368e-01	2.237971e-01
1.41821521000e+05	3.333989e-01	2.233613e-01
1.44474535000e+05	3.365421e-01	2.218963e-01
1.47177178000e+05	3.405902e-01	2.207893e-01
1.49930378000e+05	3.433968e-01	2.195118e-01
1.52735082000e+05	3.473701e-01	2.177666e-01
1.55592253000e+05	3.505296e-01	2.174834e-01
1.58502871000e+05	3.539043e-01	2.156698e-01
1.61467938000e+05	3.574301e-01	2.134939e-01
1.64488472000e+05	3.605994e-01	2.132129e-01
1.67565510000e+05	3.634253e-01	2.119726e-01
1.70700109000e+05	3.672928e-01	2.101620e-01
1.73893346000e+05	3.705962e-01	2.087669e-01
1.77146318000e+05	3.735003e-01	2.070617e-01
1.80460142000e+05	3.763113e-01	2.058513e-01
1.83835957000e+05	3.799949e-01	2.040332e-01
1.87274923000e+05	3.820319e-01	2.023940e-01
1.90778220000e+05	3.852324e-01	2.007758e-01
1.94347053000e+05	3.880313e-01	1.987594e-01
1.97982646000e+05	3.910846e-01	1.977656e-01
2.01686250000e+05	3.934094e-01	1.958445e-01
2.05459135000e+05	3.960684e-01	1.940687e-01
2.09302599000e+05	3.987187e-01	1.927088e-01
2.13217962000e+05	4.016152e-01	1.908699e-01
2.17206568000e+05	4.047576e-01	1.890700e-01
2.21269788000e+05	4.069524e-01	1.876146e-01
2.25409017000e+05	4.092913e-01	1.859235e-01
2.29625678000e+05	4.112668e-01	1.845308e-01
2.33921218000e+05	4.143423e-01	1.822924e-01
2.38297114000e+05	4.162114e-01	1.808212e-01
2.42754869000e+05	4.188633e-01	1.790136e-01
2.47296013000e+05	4.213785e-01	1.769939e-01
2.51922107000e+05	4.229455e-01	1.756036e-01
2.56634741000e+05	4.261963e-01	1.744196e-01
2.61435532000e+05	4.276682e-01	1.719441e-01
2.66326130000e+05	4.301811e-01	1.711721e-01
2.71308215000e+05	4.322764e-01	1.692605e-01
2.76383499000e+05	4.340150e-01	1.668730e-01
2.81553724000e+05	4.371204e-01	1.655368e-01
2.86820667000e+05	4.382851e-01	1.643483e-01
2.92186138000e+05	4.399585e-01	1.613715e-01
2.97651978000e+05	4.417166e-01	1.599611e-01
3.03220067000e+05	4.436927e-01	1.587261e-01
3.08892316000e+05	4.459400e-01	1.562043e-01
3.14670675000e+05	4.462809e-01	1.555303e-01
3.20557127000e+05	4.499286e-01	1.540423e-01
3.26553695000e+05	4.508770e-01	1.513810e-01
3.32662440000e+05	4.524754e-01	1.507321e-01
3.38885459000e+05	4.539935e-01	1.484711e-01
3.45224890000e+05	4.556867e-01	1.479573e-01
3.51682912000e+05	4.570592e-01	1.455998e-01
3.58261741000e+05	4.590659e-01	1.435108e-01
3.64963639000e+05	4.592649e-01	1.418175e-01
3.71790907000e+05	4.618886e-01	1.397908e-01
3.78745891000e+05	4.641355e-01	1.386050e-01
3.85830980000e+05	4.650766e-01	1.379698e-01
3.93048607000e+05	4.671705e-01	1.364228e-01
4.00401253000e+05	4.677899e-01	1.350401e-01
4.07891442000e+05	4.687125e-01	1.335782e-01
4.15521748000e+05	4.711660e-01	1.312692e-01
4.23294792000e+05	4.715488e-01	1.298220e-01
4.31213244000e+05	4.729351e-01	1.279078e-01
4.39279824000e+05	4.744872e-01	1.272994e-01
4.47497303000e+05	4.744544e-01	1.265979e-01
4.55868505000e+05	4.770479e-01	1.241011e-01
4.64396304000e+05	4.780823e-01	1.232561e-01
4.73083630000e+05	4.794403e-01	1.215963e-01
4.81933467000e+05	4.802697e-01	1.204226e-01
4.90948855000e+05	4.815865e-01	1.183507e-01
5.00132892000e+05	4.826944e-01	1.186714e-01
5.09488732000e+05	4.843112e-01	1.164529e-01
5.19019589000e+05	4.847718e-01	1.155049e-01
5.28728737000e+05	4.863617e-01	1.145828e-01
5.38619511000e+05	4.871803e-01	1.136232e-01
5.48695309000e+05	4.888295e-01	1.108841e-01
5.58959592000e+05	4.889964e-01	1.100804e-01
5.69415885000e+05	4.904482e-01	1.089523e-01
5.80067782000e+05	4.914714e-01	1.078800e-01
5.90918941000e+05	4.924352e-01	1.061945e-01
6.01973089000e+05	4.928133e-01	1.056896e-01
6.13234023000e+05	4.941695e-01	1.047102e-01
6.24705613000e+05	4.946378e-01	1.028969e-01
6.36391799000e+05	4.952040e-01	1.018358e-01
6.48296594000e+05	4.969687e-01	1.011699e-01
6.60424089000e+05	4.966903e-01	9.936956e-02
6.72778450000e+05	4.989933e-01	9.884404e-02
6.85363919000e+05	4.999599e-01	9.737343e-02
6.98184822000e+05	5.001009e-01	9.534627e-02
7.11245562000e+05	5.004662e-01	9.512457e-02
7.24550625000e+05	5.015001e-01	9.521838e-02
7.38104581000e+05	5.027533e-01	9.233898e-02
7.51912088000e+05	5.034295e-01	9.259922e-02
7.65977888000e+05	5.048990e-01	9.147292e-02
7.80306813000e+05	5.065131e-01	9.064326e-02
7.94903784000e+05	5.073971e-01	8.836680e-02
8.09773817000e+05	5.077093e-01	8.891278e-02
8.24922019000e+05	5.074182e-01	8.752233e-02
8.40353595000e+05	5.088999e-01	8.674071e-02
8.56073844000e+05	5.094387e-01	8.760616e-02
8.72088167000e+05	5.113918e-01	8.431563e-02
8.88402066000e+05	5.112174e-01	8.367867e-02
9.05021144000e+05	5.120160e-01	8.206173e-02
9.21951110000e+05	5.121632e-01	8.193128e-02
9.39197780000e+05	5.127952e-01	8.090581e-02
9.56767078000e+05	5.146670e-01	8.089089e-02
9.74665041000e+05	5.140970e-01	7.785062e-02
9.92897815000e+05	5.151635e-01	7.741321e-02
1.01147166400e+06	5.155194e-01	7.844203e-02
1.03039296900e+06	5.162022e-01	7.693481e-02
1.04966822900e+06	5.171962e-01	7.525086e-02
1.06930406600e+06	5.187392e-01	7.536040e-02
1.08930722500e+06	5.181835e-01	7.417620e-02
1.10968457700e+06	5.179735e-01	7.476781e-02
1.13044312200e+06	5.187240e-01	7.378295e-02
1.15158999200e+06	5.204132e-01	7.264798e-02
1.17313244900e+06	5.214416e-01	7.184736e-02
1.19507789500e+06	5.219368e-01	7.118881e-02
1.21743386800e+06	5.202896e-01	7.017733e-02
1.24020804800e+06	5.234590e-01	6.895238e-02
1.26340825800e+06	5.249603e-01	6.939896e-02
1.28704246700e+06	5.239516e-01	6.692764e-02
1.31111879400e+06	5.267636e-01	6.819578e-02
1.33564551100e+06	5.275437e-01	6.401511e-02
1.36063104100e+06	5.264408e-01	6.726395e-02
1.38608396800e+06	5.268982e-01	6.485561e-02
1.41201303600e+06	5.290895e-01	6.481579e-02
1.43842715200e+06	5.288661e-01	6.408048e-02
1.46533538800e+06	5.303904e-01	6.166285e-02
1.49274698900e+06	5.303501e-01	6.128182e-02
1.52067137100e+06	5.312371e-01	6.178394e-02
1.54911812600e+06	5.309703e-01	6.099577e-02
1.57809702700e+06	5.304930e-01	6.020701e-02
1.60761802700e+06	5.328317e-01	5.928293e-02
1.63769126700e+06	5.338756e-01	5.782599e-02
1.66832708000e+06	5.348115e-01	5.759654e-02
1.69953598700e+06	5.333427e-01	5.792124e-02
1.73132871000e+06	5.355828e-01	5.794518e-02
1.76371617100e+06	5.343212e-01	5.761381e-02
1.79670949400e+06	5.352703e-01	5.743508e-02
1.83032001300e+06	5.355052e-01	5.394962e-02
1.86455927500e+06	5.377803e-01	5.480345e-02
1.89943904100e+06	5.383429e-01	5.417681e-02
1.93497129200e+06	5.379669e-01	5.276772e-02
1.97116823500e+06	5.408679e-01	5.205384e-02
2.00804230300e+06	5.418001e-01	5.357042e-02
2.04560616400e+06	5.419595e-01	5.125292e-02
2.08387272100e+06	5.411367e-01	5.017465e-02
2.12285511900e+06	5.433445e-01	5.063523e-02
2.16256675000e+06	5.436631e-01	4.882948e-02
2.20302125400e+06	5.429916e-01	5.031846e-02
2.24423252900e+06	5.453108e-01	4.838131e-02
2.28621473200e+06	5.442592e-01	4.762100e-02
2.32898228300e+06	5.440496e-01	4.948371e-02
2.37254987400e+06	5.449870e-01	4.786798e-02
2.41693247200e+06	5.473354e-01	4.777082e-02
2.46214532100e+06	5.478578e-01	4.638495e-02
2.50820395400e+06	5.465131e-01	4.496967e-02
2.55512419300e+06	5.474504e-01	4.446024e-02
2.60292215500e+06	5.482457e-01	4.483027e-02
2.65161425900e+06	5.505767e-01	4.296751e-02
2.70121723300e+06	5.502229e-01	4.356004e-02
2.75174811400e+06	5.507233e-01	4.231205e-02
2.80322426300e+06	5.483615e-01	4.138611e-02
2.85566336000e+06	5.531098e-01	4.108786e-02
2.90908342000e+06	5.551280e-01	4.089008e-02
2.96350279400e+06	5.540283e-01	3.760980e-02
3.01894017500e+06	5.555924e-01	3.834100e-02
3.07541460700e+06	5.557134e-01	3.824694e-02
3.13294549000e+06	5.564044e-01	3.684927e-02
3.19155258600e+06	5.566667e-01	3.629540e-02
3.25125602800e+06	5.579473e-01	3.599845e-02
3.31207632400e+06	5.585689e-01	3.493427e-02
3.37403436900e+06	5.588348e-01	3.421749e-02
3.43715144400e+06	5.588768e-01	3.302348e-02
3.50144923200e+06	5.602850e-01	3.236573e-02
3.56694982000e+06	5.608038e-01	3.346123e-02
3.63367570800e+06	5.620437e-01	3.204166e-02
3.70164981800e+06	5.616752e-01	3.203259e-02
3.77089550000e+06	5.637084e-01	3.079164e-02
3.84143654100e+06	5.645469e-01	2.883307e-02
3.91329717200e+06	5.656261e-01	2.875472e-02
3.98650207900e+06	5.675867e-01	2.742142e-02
4.06107640900e+06	5.673942e-01	2.674741e-02
4.13704577900e+06	5.677785e-01	2.708511e-02
4.21443628600e+06	5.695696e-01	2.468155e-02
4.29327451400e+06	5.706049e-01	2.474538e-02
4.37358754600e+06	5.706104e-01	2.233475e-02
4.45540297100e+06	5.720127e-01	2.221441e-02
4.53874889300e+06	5.727804e-01	2.089144e-02
4.62365394300e+06	5.724220e-01	2.082111e-02
4.71014728600e+06	5.742193e-01	1.913477e-02
4.79825863600e+06	5.755680e-01	1.836974e-02
4.88801825800e+06	5.765409e-01	1.813039e-02
4.97945698800e+06	5.768842e-01	1.593321e-02
5.07260623500e+06	5.764173e-01	1.610496e-02
5.16749799800e+06	5.781180e-01	1.461483e-02
5.26416487400e+06	5.792989e-01	1.283678e-02
5.36264006800e+06	5.800793e-01	1.257783e-02
5.46295740900e+06	5.814466e-01	1.066641e-02
5.56515135800e+06	5.815210e-01	9.948152e-03
5.66925701900e+06	5.843811e-01	7.800774e-03
5.77531015400e+06	5.844414e-01	6.679693e-03
5.88334719300e+06	5.855904e-01	5.285440e-03
5.99340525100e+06	5.869716e-01	5.163425e-03
6.10552213200e+06	5.870813e-01	2.295335e-03
6.21973635100e+06	5.879406e-01	1.146023e-03
6.33608714200e+06	5.893247e-01	-1.270289e-03
6.45461447300e+06	5.913628e-01	-1.096289e-03
6.57535906100e+06	5.909696e-01	-1.546035e-03
6.69836238200e+06	5.922888e-01	-3.671966e-03
6.82366669000e+06	5.937083e-01	-4.788256e-03
6.95131503000e+06	5.937062e-01	-5.682028e-03
7.08135124900e+06	5.949635e-01	-7.983886e-03
7.21382001800e+06	5.954049e-01	-1.133174e-02
7.34876684200e+06	5.969223e-01	-1.146327e-02
7.48623807700e+06	5.979165e-01	-1.462985e-02
7.62628094600e+06	5.996508e-01	-1.612814e-02
7.76894355600e+06	5.992292e-01	-1.688758e-02
7.91427491300e+06	6.004708e-01	-1.838635e-02
8.06232494200e+06	6.014838e-01	-2.118519e-02
8.21314450000e+06	6.037192e-01	-2.269356e-02
8.36678539400e+06	6.046122e-01	-2.451934e-02
8.52330040500e+06	6.046539e-01	-2.609722e-02
8.68274329600e+06	6.064925e-01	-2.967923e-02
8.84516883800e+06	6.078756e-01	-3.110380e-02
9.01063282800e+06	6.089068e-01	-3.318751e-02
9.17919210400e+06	6.100505e-01	-3.664285e-02
9.35090456900e+06	6.099519e-01	-3.813669e-02
9.52582920900e+06	6.117911e-01	-4.200587e-02
9.70402611300e+06	6.125057e-01	-4.402778e-02
9.88555649500e+06	6.149471e-01	-4.707059e-02
1.00704827130e+07	6.141314e-01	-4.937228e-02
1.02588682910e+07	6.168893e-01	-5.255071e-02
1.04507779430e+07	6.184315e-01	-5.517450e-02
1.06462775940e+07	6.184893e-01	-5.911332e-02
1.08454343980e+07	6.198303e-01	-6.248137e-02
1.10483167720e+07	6.190277e-01	-6.459276e-02
1.12549944060e+07	6.200879e-01	-6.842225e-02
1.14655382990e+07	6.213307e-01	-7.071013e-02
1.16800207740e+07	6.223115e-01	-7.340215e-02
1.18985155110e+07	6.222638e-01	-7.744891e-02
1.21210975650e+07	6.235228e-01	-7.997826e-02
1.23478433960e+07	6.235551e-01	-8.587171e-02
1.25788308950e+07	6.226363e-01	-8.972859e-02
1.28141394100e+07	6.242883e-01	-9.424315e-02
1.30538497730e+07	6.238347e-01	-9.729605e-02
1.32980443270e+07	6.244891e-01	-1.014296e-01
1.35468069580e+07	6.270058e-01	-1.075084e-01
1.38002231190e+07	6.251032e-01	-1.126057e-01
1.40583798610e+07	6.265005e-01	-1.165481e-01
1.43213658660e+07	6.242913e-01	-1.203890e-01
1.45892714740e+07	6.252001e-01	-1.254655e-01
1.48621887140e+07	6.278285e-01	-1.284026e-01
1.51402113360e+07	6.277599e-01	-1.335601e-01
1.54234348470e+07	6.275890e-01	-1.365415e-01
1.57119565370e+07	6.262507e-01	-1.435145e-01
1.60058755190e+07	6.253712e-01	-1.482268e-01
1.63052927560e+07	6.260000e-01	-1.531857e-01
1.66103111050e+07	6.269801e-01	-1.594683e-01
1.69210353420e+07	6.248164e-01	-1.652242e-01
1.72375722070e+07	6.230963e-01	-1.704000e-01
1.75600304350e+07	6.218516e-01	-1.753549e-01
1.78885207950e+07	6.205994e-01	-1.817937e-01
1.82231561280e+07	6.206130e-01	-1.863796e-01
1.85640513860e+07	6.174757e-01	-1.928021e-01
1.89113236730e+07	6.156825e-01	-2.002833e-01
1.92650922800e+07	6.139344e-01	-2.056574e-01
1.96254787340e+07	6.122138e-01	-2.126076e-01
1.99926068310e+07	6.092460e-01	-2.191549e-01
2.03666026870e+07	6.083408e-01	-2.235255e-01
2.07475947740e+07	6.043023e-01	-2.289859e-01
2.11357139690e+07	6.004477e-01	-2.363160e-01
2.15310935960e+07	5.985242e-01	-2.424804e-01
2.19338694740e+07	5.962742e-01	-2.495764e-01
2.23441799630e+07	5.914284e-01	-2.567791e-01
2.27621660100e+07	5.862208e-01	-2.614131e-01
2.31879712010e+07	5.820779e-01	-2.710453e-01
2.36217418040e+07	5.777795e-01	-2.756496e-01
2.40636268280e+07	5.745221e-01	-2.811152e-01
2.45137780650e+07	5.697420e-01	-2.879724e-01
2.49723501510e+07	5.633699e-01	-2.930780e-01
2.54395006100e+07	5.582225e-01	-3.019002e-01
2.59153899160e+07	5.514456e-01	-3.078172e-01
2.64001815450e+07	5.454839e-01	-3.125536e-01
2.68940420290e+07	5.406718e-01	-3.199893e-01
2.73971410170e+07	5.330768e-01	-3.262502e-01
2.79096513310e+07	5.260112e-01	-3.305600e-01
2.84317490250e+07	5.200499e-01	-3.383072e-01
2.89636134490e+07	5.135186e-01	-3.439425e-01
2.95054273050e+07	5.066653e-01	-3.492293e-01
3.00573767140e+07	4.990041e-01	-3.534159e-01
3.06196512800e+07	4.896258e-01	-3.589562e-01
3.11924441520e+07	4.836225e-01	-3.624998e-01
3.17759520930e+07	4.727434e-01	-3.673907e-01
3.23703755460e+07	4.663098e-01	-3.734701e-01
3.29759187060e+07	4.575088e-01	-3.758391e-01
3.35927895840e+07	4.475748e-01	-3.808801e-01
3.42212000850e+07	4.397907e-01	-3.816387e-01
3.48613660790e+07	4.291798e-01	-3.852694e-01
3.55135074700e+07	4.190753e-01	-3.871175e-01
3.61778482800e+07	4.112462e-01	-3.906986e-01
3.68546167200e+07	4.010842e-01	-3.942004e-01
3.75440452690e+07	3.916275e-01	-3.945176e-01
3.82463707560e+07	3.820800e-01	-3.989228e-01
3.89618344410e+07	3.719199e-01	-3.974516e-01
3.96906820970e+07	3.621571e-01	-3.999427e-01
4.04331640920e+07	3.531658e-01	-4.006492e-01
4.11895354820e+07	3.426769e-01	-4.011282e-01
4.19600560900e+07	3.315345e-01	-4.013545e-01
4.27449906010e+07	3.237807e-01	-4.002137e-01
4.35446086540e+07	3.150828e-01	-4.000755e-01
4.43591849280e+07	3.051862e-01	-3.990288e-01
4.51889992420e+07	2.959981e-01	-3.981964e-01
4.60343366500e+07	2.858106e-01	-3.966953e-01
4.68954875380e+07	2.766992e-01	-3.954855e-01
4.77727477250e+07	2.683569e-01	-3.941633e-01
4.86664185610e+07	2.590550e-01	-3.916237e-01
4.95768070360e+07	2.499599e-01	-3.890774e-01
5.05042258830e+07	2.425635e-01	-3.866827e-01
5.14489936840e+07	2.344770e-01	-3.832093e-01
5.24114349790e+07	2.262068e-01	-3.807889e-01
5.33918803830e+07	2.178525e-01	-3.783298e-01
5.43906666920e+07	2.080089e-01	-3.749515e-01
5.54081370050e+07	2.007634e-01	-3.709835e-01
5.64446408380e+07	1.939868e-01	-3.672433e-01
5.75005342460e+07	1.870424e-01	-3.625644e-01
5.85761799430e+07	1.797770e-01	-3.586115e-01
5.96719474300e+07	1.719287e-01	-3.550123e-01
6.07882131190e+07	1.654028e-01	-3.511891e-01
6.19253604650e+07	1.596130e-01	-3.464534e-01
6.30837800930e+07	1.530261e-01	-3.415781e-01
6.42638699390e+07	1.471440e-01	-3.377851e-01
6.54660353810e+07	1.413304e-01	-3.334342e-01
6.66906893810e+07	1.349610e-01	-3.290609e-01
6.79382526260e+07	1.298185e-01	-3.247817e-01
6.92091536720e+07	1.248478e-01	-3.202313e-01
7.05038290920e+07	1.200876e-01	-3.155805e-01
7.18227236270e+07	1.150309e-01	-3.112641e-01
7.31662903370e+07	1.100189e-01	-3.062100e-01
7.45349907570e+07	1.057094e-01	-3.013487e-01
7.59292950560e+07	1.011748e-01	-2.967770e-01
7.73496821980e+07	9.680922e-02	-2.920009e-01
7.87966401080e+07	9.261544e-02	-2.874135e-01
8.02706658360e+07	8.914874e-02	-2.826368e-01
8.17722657330e+07	8.517843e-02	-2.782297e-01
8.33019556210e+07	8.163854e-02	-2.731276e-01
8.48602609700e+07	7.824210e-02	-2.687645e-01
8.64477170830e+07	7.463108e-02	-2.642381e-01
8.80648692730e+07	7.145919e-02	-2.596177e-01
8.97122730570e+07	6.863175e-02	-2.556057e-01
9.13904943420e+07	6.595290e-02	-2.508680e-01
9.31001096230e+07	6.319274e-02	-2.465166e-01
9.48417061770e+07	6.036332e-02	-2.421408e-01
9.66158822700e+07	5.802980e-02	-2.378060e-01
9.84232473560e+07	5.534958e-02	-2.336639e-01
1.00264422293e+08	5.295654e-02	-2.297359e-01
1.02140039551e+08	5.062603e-02	-2.254504e-01
1.04050743434e+08	4.852963e-02	-2.214150e-01
1.05997190296e+08	4.658486e-02	-2.175541e-01
1.07980048771e+08	4.421758e-02	-2.138256e-01
1.10000000000e+08	4.249807e-02	-2.096275e-01
