4294A REV1.11
"DATE:     13 -100"


"MEASURE PARAMETER: IMPEDANCE - ADMITTANCE"
"ADAPTER: NONE"
"SWEEP TYPE: LOG FREQ"
"NUMBER of POINTS: 801"
"POINT DELAY TIME:  0 Sec"
"SWEEP DELAY TIME:  0 Sec"
"OSC LEVEL:  10 mVolt"
"DC BIAS:  5 Volt"
"BW: 2"
"SWEEP AVERAGING: OFF"
"POINT AVERAGING: OFF"


"TRACE: A"

"Frequency"	"Data Trace Real"	"Data Trace Imag"
4.00000000000e+01	3.854601e+01	-3.804176e+03
4.07480000000e+01	3.108704e+01	-3.728034e+03
4.15110000000e+01	3.438029e+01	-3.662743e+03
4.22870000000e+01	3.119283e+01	-3.598434e+03
4.30780000000e+01	3.670528e+01	-3.531192e+03
4.38840000000e+01	3.334282e+01	-3.468318e+03
4.47050000000e+01	3.487030e+01	-3.403865e+03
4.55410000000e+01	3.241516e+01	-3.340312e+03
4.63930000000e+01	3.280504e+01	-3.278232e+03
4.72610000000e+01	3.406499e+01	-3.222431e+03
4.81450000000e+01	3.608974e+01	-3.160345e+03
4.90460000000e+01	3.269258e+01	-3.105148e+03
4.99630000000e+01	3.296730e+01	-3.046907e+03
5.08980000000e+01	3.185405e+01	-2.991907e+03
5.18500000000e+01	3.123881e+01	-2.937052e+03
5.28200000000e+01	3.245538e+01	-2.885794e+03
5.38080000000e+01	2.690123e+01	-2.827528e+03
5.48150000000e+01	2.654497e+01	-2.780123e+03
5.58400000000e+01	2.799311e+01	-2.724823e+03
5.68850000000e+01	2.590707e+01	-2.679984e+03
5.79490000000e+01	2.468116e+01	-2.629798e+03
5.90330000000e+01	2.953379e+01	-2.579544e+03
6.01370000000e+01	2.739564e+01	-2.535067e+03
6.12620000000e+01	2.801596e+01	-2.486083e+03
6.24080000000e+01	2.521576e+01	-2.441318e+03
6.35750000000e+01	2.719108e+01	-2.396180e+03
6.47650000000e+01	2.556651e+01	-2.355471e+03
6.59760000000e+01	2.491834e+01	-2.312783e+03
6.72100000000e+01	2.467513e+01	-2.267051e+03
6.84680000000e+01	2.356934e+01	-2.227843e+03
6.97490000000e+01	2.454620e+01	-2.185134e+03
7.10530000000e+01	2.557907e+01	-2.144638e+03
7.23820000000e+01	2.465456e+01	-2.106658e+03
7.37360000000e+01	2.484770e+01	-2.069396e+03
7.51160000000e+01	2.379052e+01	-2.031743e+03
7.65210000000e+01	2.385631e+01	-1.993058e+03
7.79520000000e+01	2.318956e+01	-1.956748e+03
7.94110000000e+01	2.341844e+01	-1.922243e+03
8.08960000000e+01	2.148699e+01	-1.887515e+03
8.24100000000e+01	2.303407e+01	-1.850614e+03
8.39510000000e+01	2.310572e+01	-1.819121e+03
8.55220000000e+01	2.500235e+01	-1.785349e+03
8.71210000000e+01	2.344317e+01	-1.750714e+03
8.87510000000e+01	2.088356e+01	-1.720177e+03
9.04110000000e+01	2.069023e+01	-1.688804e+03
9.21030000000e+01	2.091461e+01	-1.657710e+03
9.38260000000e+01	2.143657e+01	-1.627211e+03
9.55810000000e+01	2.085063e+01	-1.598425e+03
9.73690000000e+01	2.083372e+01	-1.569334e+03
9.91900000000e+01	2.069436e+01	-1.540033e+03
1.01046000000e+02	2.150618e+01	-1.511881e+03
1.02936000000e+02	1.989980e+01	-1.483656e+03
1.04862000000e+02	1.949681e+01	-1.456270e+03
1.06823000000e+02	1.993757e+01	-1.430527e+03
1.08822000000e+02	1.914700e+01	-1.404938e+03
1.10857000000e+02	1.995929e+01	-1.380105e+03
1.12931000000e+02	1.911988e+01	-1.353325e+03
1.15044000000e+02	1.894591e+01	-1.328651e+03
1.17196000000e+02	1.885680e+01	-1.304252e+03
1.19388000000e+02	1.947080e+01	-1.280034e+03
1.21621000000e+02	1.902068e+01	-1.257315e+03
1.23897000000e+02	1.839592e+01	-1.234131e+03
1.26214000000e+02	1.892920e+01	-1.212265e+03
1.28575000000e+02	1.792291e+01	-1.189618e+03
1.30980000000e+02	1.696598e+01	-1.168647e+03
1.33431000000e+02	1.714555e+01	-1.146970e+03
1.35927000000e+02	1.754423e+01	-1.125448e+03
1.38469000000e+02	1.683367e+01	-1.105513e+03
1.41060000000e+02	1.731869e+01	-1.085631e+03
1.43699000000e+02	1.723543e+01	-1.065596e+03
1.46387000000e+02	1.657503e+01	-1.045694e+03
1.49125000000e+02	1.613360e+01	-1.026600e+03
1.51915000000e+02	1.700835e+01	-1.008312e+03
1.54757000000e+02	1.635002e+01	-9.891781e+02
1.57652000000e+02	1.643967e+01	-9.718511e+02
1.60601000000e+02	1.668973e+01	-9.531572e+02
1.63605000000e+02	1.596401e+01	-9.371470e+02
1.66666000000e+02	1.581608e+01	-9.191090e+02
1.69783000000e+02	1.512222e+01	-9.020140e+02
1.72959000000e+02	1.553527e+01	-8.865647e+02
1.76195000000e+02	1.577186e+01	-8.702473e+02
1.79491000000e+02	1.532784e+01	-8.545544e+02
1.82849000000e+02	1.543235e+01	-8.389138e+02
1.86269000000e+02	1.507353e+01	-8.228586e+02
1.89754000000e+02	1.530972e+01	-8.086893e+02
1.93303000000e+02	1.464518e+01	-7.940587e+02
1.96919000000e+02	1.497231e+01	-7.791759e+02
2.00603000000e+02	1.495409e+01	-7.652992e+02
2.04356000000e+02	1.425417e+01	-7.509786e+02
2.08178000000e+02	1.443724e+01	-7.370161e+02
2.12073000000e+02	1.408306e+01	-7.234382e+02
2.16040000000e+02	1.472668e+01	-7.109277e+02
2.20081000000e+02	1.428194e+01	-6.971370e+02
2.24198000000e+02	1.374913e+01	-6.849025e+02
2.28392000000e+02	1.435486e+01	-6.724249e+02
2.32665000000e+02	1.337419e+01	-6.604938e+02
2.37017000000e+02	1.365652e+01	-6.484427e+02
2.41451000000e+02	1.398762e+01	-6.370699e+02
2.45968000000e+02	1.377014e+01	-6.251882e+02
2.50569000000e+02	1.336114e+01	-6.136011e+02
2.55256000000e+02	1.312486e+01	-6.022822e+02
2.60031000000e+02	1.327806e+01	-5.913175e+02
2.64896000000e+02	1.322016e+01	-5.806886e+02
2.69851000000e+02	1.294132e+01	-5.694413e+02
2.74899000000e+02	1.233411e+01	-5.592341e+02
2.80042000000e+02	1.239950e+01	-5.496982e+02
2.85280000000e+02	1.253918e+01	-5.395947e+02
2.90617000000e+02	1.273249e+01	-5.301869e+02
2.96053000000e+02	1.195426e+01	-5.200254e+02
3.01591000000e+02	1.293806e+01	-5.107693e+02
3.07233000000e+02	1.259707e+01	-5.016712e+02
3.12981000000e+02	1.266194e+01	-4.928328e+02
3.18835000000e+02	1.246976e+01	-4.832634e+02
3.24800000000e+02	1.206692e+01	-4.748218e+02
3.30876000000e+02	1.210563e+01	-4.663211e+02
3.37065000000e+02	1.190218e+01	-4.577021e+02
3.43371000000e+02	1.182752e+01	-4.488266e+02
3.49794000000e+02	1.149832e+01	-4.408718e+02
3.56338000000e+02	1.185421e+01	-4.334284e+02
3.63003000000e+02	1.178242e+01	-4.251559e+02
3.69794000000e+02	1.106141e+01	-4.177137e+02
3.76712000000e+02	1.191417e+01	-4.096945e+02
3.83759000000e+02	1.158698e+01	-4.023469e+02
3.90938000000e+02	1.126485e+01	-3.948435e+02
3.98251000000e+02	1.137627e+01	-3.876381e+02
4.05701000000e+02	1.112127e+01	-3.807288e+02
4.13290000000e+02	1.124060e+01	-3.740035e+02
4.21021000000e+02	1.129980e+01	-3.671313e+02
4.28897000000e+02	1.076792e+01	-3.605297e+02
4.36920000000e+02	1.100682e+01	-3.541738e+02
4.45094000000e+02	1.102675e+01	-3.474724e+02
4.53420000000e+02	1.108194e+01	-3.409204e+02
4.61902000000e+02	1.047782e+01	-3.348413e+02
4.70543000000e+02	1.112382e+01	-3.291068e+02
4.79345000000e+02	1.074676e+01	-3.227576e+02
4.88312000000e+02	1.081620e+01	-3.171910e+02
4.97447000000e+02	9.928207e+00	-3.113494e+02
5.06752000000e+02	1.041969e+01	-3.059533e+02
5.16232000000e+02	1.007543e+01	-3.002181e+02
5.25889000000e+02	1.059410e+01	-2.949246e+02
5.35727000000e+02	1.016942e+01	-2.895462e+02
5.45748000000e+02	9.954975e+00	-2.840425e+02
5.55957000000e+02	9.979965e+00	-2.789929e+02
5.66358000000e+02	1.001836e+01	-2.742505e+02
5.76952000000e+02	9.760157e+00	-2.690774e+02
5.87745000000e+02	9.784376e+00	-2.643715e+02
5.98740000000e+02	9.856886e+00	-2.595055e+02
6.09940000000e+02	9.196140e+00	-2.549525e+02
6.21350000000e+02	9.394846e+00	-2.502538e+02
6.32974000000e+02	9.811270e+00	-2.456662e+02
6.44815000000e+02	9.489664e+00	-2.411809e+02
6.56877000000e+02	9.034245e+00	-2.363498e+02
6.69165000000e+02	9.788757e+00	-2.328245e+02
6.81683000000e+02	9.251787e+00	-2.291417e+02
6.94435000000e+02	9.310137e+00	-2.243189e+02
7.07425000000e+02	8.943119e+00	-2.201420e+02
7.20659000000e+02	9.093943e+00	-2.160262e+02
7.34140000000e+02	9.049181e+00	-2.122379e+02
7.47874000000e+02	8.925362e+00	-2.087545e+02
7.61864000000e+02	8.873293e+00	-2.049991e+02
7.76116000000e+02	8.992819e+00	-2.012363e+02
7.90634000000e+02	8.904543e+00	-1.976886e+02
8.05425000000e+02	8.590868e+00	-1.941564e+02
8.20491000000e+02	8.387499e+00	-1.907460e+02
8.35840000000e+02	8.680908e+00	-1.870800e+02
8.51476000000e+02	8.651981e+00	-1.837529e+02
8.67404000000e+02	8.558170e+00	-1.802817e+02
8.83630000000e+02	8.245932e+00	-1.774265e+02
9.00160000000e+02	8.217739e+00	-1.742738e+02
9.16999000000e+02	8.064610e+00	-1.711674e+02
9.34153000000e+02	8.311668e+00	-1.676342e+02
9.51628000000e+02	8.208181e+00	-1.648734e+02
9.69430000000e+02	8.146805e+00	-1.620348e+02
9.87565000000e+02	7.885358e+00	-1.587787e+02
1.00603900000e+03	7.761963e+00	-1.561898e+02
1.02485900000e+03	7.972438e+00	-1.534603e+02
1.04403000000e+03	7.908964e+00	-1.507098e+02
1.06356100000e+03	7.757173e+00	-1.476669e+02
1.08345700000e+03	7.882252e+00	-1.452896e+02
1.10372400000e+03	7.468557e+00	-1.426941e+02
1.12437200000e+03	7.506471e+00	-1.400854e+02
1.14540500000e+03	7.555742e+00	-1.377390e+02
1.16683200000e+03	7.587526e+00	-1.355600e+02
1.18865900000e+03	7.487703e+00	-1.329443e+02
1.21089500000e+03	7.252078e+00	-1.303055e+02
1.23354700000e+03	7.529746e+00	-1.282080e+02
1.25662300000e+03	7.240511e+00	-1.257159e+02
1.28013000000e+03	7.143131e+00	-1.234679e+02
1.30407700000e+03	7.096765e+00	-1.212564e+02
1.32847200000e+03	6.845860e+00	-1.189775e+02
1.35332300000e+03	7.057422e+00	-1.169533e+02
1.37863900000e+03	6.947294e+00	-1.146935e+02
1.40442900000e+03	6.845963e+00	-1.128741e+02
1.43070100000e+03	6.660202e+00	-1.108941e+02
1.45746500000e+03	6.556059e+00	-1.086969e+02
1.48472900000e+03	6.701925e+00	-1.068889e+02
1.51250400000e+03	6.651337e+00	-1.049083e+02
1.54079800000e+03	6.567533e+00	-1.030177e+02
1.56962100000e+03	6.459910e+00	-1.012202e+02
1.59898400000e+03	6.300197e+00	-9.926649e+01
1.62889500000e+03	6.856141e+00	-9.756807e+01
1.65936700000e+03	6.270648e+00	-9.590382e+01
1.69040800000e+03	6.279033e+00	-9.418907e+01
1.72203000000e+03	6.223378e+00	-9.245522e+01
1.75424300000e+03	6.085921e+00	-9.090662e+01
1.78705900000e+03	6.047356e+00	-8.940573e+01
1.82048900000e+03	6.167670e+00	-8.772820e+01
1.85454500000e+03	6.182617e+00	-8.627296e+01
1.88923700000e+03	6.273475e+00	-8.472943e+01
1.92457900000e+03	6.017554e+00	-8.324681e+01
1.96058100000e+03	5.908480e+00	-8.158192e+01
1.99725700000e+03	5.930258e+00	-8.026816e+01
2.03461900000e+03	5.780137e+00	-7.876823e+01
2.07268000000e+03	5.863635e+00	-7.736037e+01
2.11145300000e+03	5.719083e+00	-7.577879e+01
2.15095200000e+03	5.659865e+00	-7.467984e+01
2.19118900000e+03	5.573390e+00	-7.322400e+01
2.23217900000e+03	5.715414e+00	-7.200281e+01
2.27393600000e+03	5.669086e+00	-7.074452e+01
2.31647300000e+03	5.593556e+00	-6.935730e+01
2.35980700000e+03	5.506948e+00	-6.818985e+01
2.40395100000e+03	5.518733e+00	-6.695509e+01
2.44892100000e+03	5.545417e+00	-6.567145e+01
2.49473200000e+03	5.589802e+00	-6.458113e+01
2.54140100000e+03	5.420199e+00	-6.365157e+01
2.58894200000e+03	5.253305e+00	-6.220341e+01
2.63737300000e+03	5.228985e+00	-6.136397e+01
2.68670900000e+03	5.211134e+00	-6.011708e+01
2.73696900000e+03	5.113938e+00	-5.920222e+01
2.78816800000e+03	5.030575e+00	-5.805280e+01
2.84032600000e+03	4.892309e+00	-5.705456e+01
2.89345900000e+03	4.932638e+00	-5.598497e+01
2.94758600000e+03	4.945361e+00	-5.492651e+01
3.00272600000e+03	4.920319e+00	-5.408749e+01
3.05889700000e+03	4.871349e+00	-5.304950e+01
3.11611900000e+03	4.897085e+00	-5.219330e+01
3.17441100000e+03	4.811495e+00	-5.131115e+01
3.23379400000e+03	4.867285e+00	-5.049336e+01
3.29428700000e+03	4.903085e+00	-4.941657e+01
3.35591300000e+03	4.774528e+00	-4.843864e+01
3.41869100000e+03	4.641318e+00	-4.776357e+01
3.48264300000e+03	4.513240e+00	-4.698173e+01
3.54779200000e+03	4.567533e+00	-4.597192e+01
3.61415900000e+03	4.481808e+00	-4.533445e+01
3.68176800000e+03	4.630546e+00	-4.432491e+01
3.75064200000e+03	4.524213e+00	-4.362355e+01
3.82080400000e+03	4.452671e+00	-4.287907e+01
3.89227900000e+03	4.485177e+00	-4.218034e+01
3.96509100000e+03	4.369774e+00	-4.136324e+01
4.03926400000e+03	4.435007e+00	-4.059982e+01
4.11482600000e+03	4.319494e+00	-3.992912e+01
4.19180100000e+03	4.373708e+00	-3.929042e+01
4.27021500000e+03	4.230989e+00	-3.858954e+01
4.35009700000e+03	4.155449e+00	-3.788232e+01
4.43147300000e+03	4.221092e+00	-3.719609e+01
4.51437100000e+03	4.183828e+00	-3.657561e+01
4.59882000000e+03	4.185092e+00	-3.591806e+01
4.68484900000e+03	4.055480e+00	-3.523836e+01
4.77248700000e+03	4.096265e+00	-3.455130e+01
4.86176500000e+03	4.145817e+00	-3.398905e+01
4.95271200000e+03	4.049048e+00	-3.349924e+01
5.04536100000e+03	3.962073e+00	-3.285661e+01
5.13974400000e+03	3.936275e+00	-3.231474e+01
5.23589100000e+03	3.971275e+00	-3.175599e+01
5.33383700000e+03	4.065953e+00	-3.118688e+01
5.43361600000e+03	3.789597e+00	-3.061371e+01
5.53526100000e+03	3.790299e+00	-2.999434e+01
5.63880800000e+03	3.805637e+00	-2.956264e+01
5.74429100000e+03	3.781069e+00	-2.895832e+01
5.85174800000e+03	3.660555e+00	-2.854311e+01
5.96121500000e+03	3.754508e+00	-2.804665e+01
6.07273000000e+03	3.627763e+00	-2.750595e+01
6.18633000000e+03	3.713401e+00	-2.706471e+01
6.30205600000e+03	3.664469e+00	-2.662175e+01
6.41994700000e+03	3.586268e+00	-2.609615e+01
6.54004300000e+03	3.539855e+00	-2.566053e+01
6.66238600000e+03	3.604931e+00	-2.526714e+01
6.78701700000e+03	3.544002e+00	-2.480806e+01
6.91398000000e+03	3.484713e+00	-2.437882e+01
7.04331800000e+03	3.493691e+00	-2.394328e+01
7.17507500000e+03	3.460067e+00	-2.350346e+01
7.30929700000e+03	3.456038e+00	-2.303511e+01
7.44603000000e+03	3.421397e+00	-2.269008e+01
7.58532000000e+03	3.392388e+00	-2.231836e+01
7.72721700000e+03	3.384531e+00	-2.185804e+01
7.87176800000e+03	3.336354e+00	-2.155523e+01
8.01902200000e+03	3.255255e+00	-2.118726e+01
8.16903200000e+03	3.347633e+00	-2.073818e+01
8.32184800000e+03	3.296212e+00	-2.041547e+01
8.47752200000e+03	3.263668e+00	-2.005083e+01
8.63610900000e+03	3.257937e+00	-1.967155e+01
8.79766200000e+03	3.217316e+00	-1.941627e+01
8.96223700000e+03	3.204312e+00	-1.893941e+01
9.12989100000e+03	3.170848e+00	-1.865413e+01
9.30068100000e+03	3.126247e+00	-1.836573e+01
9.47466600000e+03	3.105150e+00	-1.804626e+01
9.65190600000e+03	3.015069e+00	-1.774275e+01
9.83246100000e+03	3.098158e+00	-1.742274e+01
1.00163940000e+04	3.051214e+00	-1.710259e+01
1.02037680000e+04	2.990154e+00	-1.679956e+01
1.03946470000e+04	3.026604e+00	-1.649128e+01
1.05890970000e+04	2.998138e+00	-1.617923e+01
1.07871840000e+04	3.014048e+00	-1.591777e+01
1.09889770000e+04	2.998164e+00	-1.560046e+01
1.11945440000e+04	3.005566e+00	-1.536596e+01
1.14039570000e+04	2.975849e+00	-1.509977e+01
1.16172880000e+04	2.887072e+00	-1.483723e+01
1.18346090000e+04	2.869321e+00	-1.454654e+01
1.20559960000e+04	2.857484e+00	-1.430804e+01
1.22815240000e+04	2.863263e+00	-1.402371e+01
1.25112700000e+04	2.887455e+00	-1.381837e+01
1.27453150000e+04	2.837857e+00	-1.356278e+01
1.29837380000e+04	2.810809e+00	-1.335762e+01
1.32266210000e+04	2.786130e+00	-1.315282e+01
1.34740470000e+04	2.798539e+00	-1.292278e+01
1.37261030000e+04	2.784788e+00	-1.263918e+01
1.39828730000e+04	2.757297e+00	-1.243048e+01
1.42444460000e+04	2.752976e+00	-1.221636e+01
1.45109130000e+04	2.738393e+00	-1.196219e+01
1.47823640000e+04	2.724802e+00	-1.180411e+01
1.50588940000e+04	2.703977e+00	-1.157572e+01
1.53405960000e+04	2.661839e+00	-1.135711e+01
1.56275680000e+04	2.656807e+00	-1.119541e+01
1.59199080000e+04	2.667575e+00	-1.097693e+01
1.62177180000e+04	2.638420e+00	-1.073439e+01
1.65210980000e+04	2.621980e+00	-1.059018e+01
1.68301530000e+04	2.620846e+00	-1.040325e+01
1.71449900000e+04	2.594566e+00	-1.024619e+01
1.74657160000e+04	2.607467e+00	-1.009649e+01
1.77924420000e+04	2.588443e+00	-9.849604e+00
1.81252800000e+04	2.575154e+00	-9.704332e+00
1.84643440000e+04	2.563993e+00	-9.527613e+00
1.88097520000e+04	2.576179e+00	-9.353973e+00
1.91616200000e+04	2.536426e+00	-9.176235e+00
1.95200710000e+04	2.536997e+00	-9.017973e+00
1.98852270000e+04	2.509212e+00	-8.881639e+00
2.02572140000e+04	2.485108e+00	-8.728205e+00
2.06361600000e+04	2.490500e+00	-8.529930e+00
2.10221950000e+04	2.485507e+00	-8.414110e+00
2.14154510000e+04	2.492785e+00	-8.254066e+00
2.18160630000e+04	2.481393e+00	-8.134521e+00
2.22241700000e+04	2.477670e+00	-7.963049e+00
2.26399110000e+04	2.455626e+00	-7.827564e+00
2.30634290000e+04	2.430742e+00	-7.687501e+00
2.34948700000e+04	2.419718e+00	-7.578989e+00
2.39343820000e+04	2.392167e+00	-7.422267e+00
2.43821150000e+04	2.415364e+00	-7.298803e+00
2.48382240000e+04	2.421299e+00	-7.150894e+00
2.53028660000e+04	2.404800e+00	-7.036987e+00
2.57761990000e+04	2.386806e+00	-6.915435e+00
2.62583870000e+04	2.382637e+00	-6.788012e+00
2.67495950000e+04	2.375256e+00	-6.678346e+00
2.72499920000e+04	2.385262e+00	-6.546910e+00
2.77597490000e+04	2.370993e+00	-6.437720e+00
2.82790430000e+04	2.346598e+00	-6.334451e+00
2.88080510000e+04	2.334283e+00	-6.199003e+00
2.93469550000e+04	2.320691e+00	-6.104660e+00
2.98959390000e+04	2.324125e+00	-5.980145e+00
3.04551940000e+04	2.340837e+00	-5.889481e+00
3.10249110000e+04	2.321459e+00	-5.773379e+00
3.16052840000e+04	2.292510e+00	-5.671720e+00
3.21965150000e+04	2.307930e+00	-5.571708e+00
3.27988060000e+04	2.314591e+00	-5.480720e+00
3.34123640000e+04	2.295058e+00	-5.386929e+00
3.40373990000e+04	2.298618e+00	-5.299672e+00
3.46741270000e+04	2.273769e+00	-5.187758e+00
3.53227660000e+04	2.268761e+00	-5.099746e+00
3.59835380000e+04	2.269092e+00	-5.006672e+00
3.66566720000e+04	2.276882e+00	-4.917602e+00
3.73423970000e+04	2.264795e+00	-4.846528e+00
3.80409510000e+04	2.263287e+00	-4.752752e+00
3.87525720000e+04	2.244442e+00	-4.670831e+00
3.94775050000e+04	2.247435e+00	-4.601591e+00
4.02159990000e+04	2.245393e+00	-4.509439e+00
4.09683080000e+04	2.241355e+00	-4.431968e+00
4.17346900000e+04	2.239093e+00	-4.350094e+00
4.25154090000e+04	2.233425e+00	-4.279850e+00
4.33107320000e+04	2.231371e+00	-4.193491e+00
4.41209330000e+04	2.222360e+00	-4.125862e+00
4.49462910000e+04	2.218590e+00	-4.053909e+00
4.57870880000e+04	2.210626e+00	-3.981381e+00
4.66436130000e+04	2.208088e+00	-3.914812e+00
4.75161620000e+04	2.208773e+00	-3.846542e+00
4.84050330000e+04	2.195447e+00	-3.780669e+00
4.93105320000e+04	2.199136e+00	-3.713324e+00
5.02329690000e+04	2.188480e+00	-3.640717e+00
5.11726630000e+04	2.194183e+00	-3.576219e+00
5.21299350000e+04	2.184234e+00	-3.523412e+00
5.31051140000e+04	2.181429e+00	-3.462356e+00
5.40985360000e+04	2.180040e+00	-3.394822e+00
5.51105420000e+04	2.179522e+00	-3.338727e+00
5.61414780000e+04	2.168593e+00	-3.283846e+00
5.71917010000e+04	2.163599e+00	-3.223242e+00
5.82615690000e+04	2.156405e+00	-3.166712e+00
5.93514510000e+04	2.154185e+00	-3.113921e+00
6.04617220000e+04	2.152825e+00	-3.052024e+00
6.15927610000e+04	2.151875e+00	-3.006922e+00
6.27449590000e+04	2.151000e+00	-2.958380e+00
6.39187110000e+04	2.150201e+00	-2.898555e+00
6.51144190000e+04	2.149219e+00	-2.853753e+00
6.63324960000e+04	2.143688e+00	-2.805160e+00
6.75733580000e+04	2.139799e+00	-2.752421e+00
6.88374340000e+04	2.134713e+00	-2.703549e+00
7.01251550000e+04	2.129708e+00	-2.656117e+00
7.14369660000e+04	2.132736e+00	-2.611299e+00
7.27733170000e+04	2.131133e+00	-2.566371e+00
7.41346660000e+04	2.127986e+00	-2.524439e+00
7.55214810000e+04	2.123100e+00	-2.477397e+00
7.69342400000e+04	2.118928e+00	-2.435021e+00
7.83734260000e+04	2.114636e+00	-2.395459e+00
7.98395350000e+04	2.114777e+00	-2.351095e+00
8.13330690000e+04	2.115021e+00	-2.309142e+00
8.28545430000e+04	2.107101e+00	-2.269392e+00
8.44044790000e+04	2.107099e+00	-2.232546e+00
8.59834090000e+04	2.105602e+00	-2.197153e+00
8.75918760000e+04	2.097946e+00	-2.156739e+00
8.92304310000e+04	2.099518e+00	-2.118029e+00
9.08996390000e+04	2.093275e+00	-2.084296e+00
9.26000720000e+04	2.100733e+00	-2.043886e+00
9.43323140000e+04	2.091250e+00	-2.012908e+00
9.60969610000e+04	2.089265e+00	-1.975184e+00
9.78946190000e+04	2.087780e+00	-1.943254e+00
9.97259050000e+04	2.087433e+00	-1.910210e+00
1.01591449000e+05	2.082595e+00	-1.882236e+00
1.03491890000e+05	2.080905e+00	-1.847272e+00
1.05427883000e+05	2.078819e+00	-1.815823e+00
1.07400091000e+05	2.075042e+00	-1.784186e+00
1.09409193000e+05	2.073343e+00	-1.752601e+00
1.11455879000e+05	2.069453e+00	-1.727637e+00
1.13540852000e+05	2.067646e+00	-1.694215e+00
1.15664827000e+05	2.070348e+00	-1.667306e+00
1.17828536000e+05	2.066117e+00	-1.640158e+00
1.20032720000e+05	2.065501e+00	-1.609826e+00
1.22278137000e+05	2.062881e+00	-1.581565e+00
1.24565558000e+05	2.054344e+00	-1.558428e+00
1.26895769000e+05	2.060999e+00	-1.530186e+00
1.29269572000e+05	2.053967e+00	-1.503352e+00
1.31687780000e+05	2.052290e+00	-1.479387e+00
1.34151225000e+05	2.048996e+00	-1.455707e+00
1.36660752000e+05	2.046733e+00	-1.432352e+00
1.39217225000e+05	2.046755e+00	-1.405221e+00
1.41821521000e+05	2.044282e+00	-1.382733e+00
1.44474535000e+05	2.039166e+00	-1.357781e+00
1.47177178000e+05	2.038054e+00	-1.339166e+00
1.49930378000e+05	2.036546e+00	-1.313484e+00
1.52735082000e+05	2.034955e+00	-1.293476e+00
1.55592253000e+05	2.030631e+00	-1.273323e+00
1.58502871000e+05	2.029346e+00	-1.253038e+00
1.61467938000e+05	2.026626e+00	-1.228643e+00
1.64488472000e+05	2.027993e+00	-1.210606e+00
1.67565510000e+05	2.024215e+00	-1.192192e+00
1.70700109000e+05	2.023294e+00	-1.173761e+00
1.73893346000e+05	2.020323e+00	-1.153227e+00
1.77146318000e+05	2.019517e+00	-1.134072e+00
1.80460142000e+05	2.015449e+00	-1.114570e+00
1.83835957000e+05	2.015570e+00	-1.099232e+00
1.87274923000e+05	2.015390e+00	-1.078939e+00
1.90778220000e+05	2.013476e+00	-1.061833e+00
1.94347053000e+05	2.008803e+00	-1.043915e+00
1.97982646000e+05	2.007889e+00	-1.029272e+00
2.01686250000e+05	2.006347e+00	-1.009898e+00
2.05459135000e+05	2.004437e+00	-9.928668e-01
2.09302599000e+05	2.000498e+00	-9.785770e-01
2.13217962000e+05	2.000530e+00	-9.622248e-01
2.17206568000e+05	2.001710e+00	-9.487379e-01
2.21269788000e+05	1.996263e+00	-9.328024e-01
2.25409017000e+05	1.998519e+00	-9.177730e-01
2.29625678000e+05	1.997260e+00	-9.000186e-01
2.33921218000e+05	1.992030e+00	-8.876734e-01
2.38297114000e+05	1.991310e+00	-8.754257e-01
2.42754869000e+05	1.987697e+00	-8.619957e-01
2.47296013000e+05	1.988104e+00	-8.465425e-01
2.51922107000e+05	1.986495e+00	-8.320704e-01
2.56634741000e+05	1.983951e+00	-8.188819e-01
2.61435532000e+05	1.982684e+00	-8.059102e-01
2.66326130000e+05	1.982511e+00	-7.969261e-01
2.71308215000e+05	1.978996e+00	-7.826145e-01
2.76383499000e+05	1.977941e+00	-7.725022e-01
2.81553724000e+05	1.974182e+00	-7.626939e-01
2.86820667000e+05	1.974236e+00	-7.479973e-01
2.92186138000e+05	1.973908e+00	-7.364839e-01
2.97651978000e+05	1.971363e+00	-7.262170e-01
3.03220067000e+05	1.964108e+00	-7.114129e-01
3.08892316000e+05	1.967852e+00	-6.999606e-01
3.14670675000e+05	1.965173e+00	-6.905494e-01
3.20557127000e+05	1.964518e+00	-6.789708e-01
3.26553695000e+05	1.962908e+00	-6.686128e-01
3.32662440000e+05	1.961963e+00	-6.592817e-01
3.38885459000e+05	1.957500e+00	-6.477480e-01
3.45224890000e+05	1.951942e+00	-6.397327e-01
3.51682912000e+05	1.956327e+00	-6.287545e-01
3.58261741000e+05	1.956952e+00	-6.181262e-01
3.64963639000e+05	1.957057e+00	-6.099974e-01
3.71790907000e+05	1.952689e+00	-6.067665e-01
3.78745891000e+05	1.949555e+00	-5.924298e-01
3.85830980000e+05	1.944980e+00	-5.832995e-01
3.93048607000e+05	1.946828e+00	-5.730300e-01
4.00401253000e+05	1.947265e+00	-5.654764e-01
4.07891442000e+05	1.940057e+00	-5.541489e-01
4.15521748000e+05	1.942634e+00	-5.522014e-01
4.23294792000e+05	1.942918e+00	-5.398788e-01
4.31213244000e+05	1.940221e+00	-5.342619e-01
4.39279824000e+05	1.938203e+00	-5.236940e-01
4.47497303000e+05	1.937186e+00	-5.162901e-01
4.55868505000e+05	1.939640e+00	-5.090191e-01
4.64396304000e+05	1.932769e+00	-5.036228e-01
4.73083630000e+05	1.931105e+00	-4.936560e-01
4.81933467000e+05	1.934407e+00	-4.883249e-01
4.90948855000e+05	1.931793e+00	-4.806153e-01
5.00132892000e+05	1.925326e+00	-4.741278e-01
5.09488732000e+05	1.923530e+00	-4.643672e-01
5.19019589000e+05	1.921896e+00	-4.602274e-01
5.28728737000e+05	1.922061e+00	-4.511512e-01
5.38619511000e+05	1.917444e+00	-4.509646e-01
5.48695309000e+05	1.915654e+00	-4.463733e-01
5.58959592000e+05	1.916069e+00	-4.319165e-01
5.69415885000e+05	1.915625e+00	-4.274732e-01
5.80067782000e+05	1.913779e+00	-4.237742e-01
5.90918941000e+05	1.913493e+00	-4.213183e-01
6.01973089000e+05	1.908175e+00	-4.159593e-01
6.13234023000e+05	1.908358e+00	-4.043804e-01
6.24705613000e+05	1.904219e+00	-4.027264e-01
6.36391799000e+05	1.907979e+00	-3.937138e-01
6.48296594000e+05	1.903454e+00	-3.916654e-01
6.60424089000e+05	1.904165e+00	-3.868186e-01
6.72778450000e+05	1.898643e+00	-3.792483e-01
6.85363919000e+05	1.897354e+00	-3.748475e-01
6.98184822000e+05	1.898918e+00	-3.701835e-01
7.11245562000e+05	1.898891e+00	-3.680198e-01
7.24550625000e+05	1.897460e+00	-3.591775e-01
7.38104581000e+05	1.891304e+00	-3.567348e-01
7.51912088000e+05	1.893185e+00	-3.510910e-01
7.65977888000e+05	1.891606e+00	-3.493816e-01
7.80306813000e+05	1.887454e+00	-3.413733e-01
7.94903784000e+05	1.884147e+00	-3.328623e-01
8.09773817000e+05	1.883410e+00	-3.336033e-01
8.24922019000e+05	1.879533e+00	-3.295631e-01
8.40353595000e+05	1.882213e+00	-3.208887e-01
8.56073844000e+05	1.881457e+00	-3.226092e-01
8.72088167000e+05	1.875928e+00	-3.092951e-01
8.88402066000e+05	1.879674e+00	-3.061458e-01
9.05021144000e+05	1.877826e+00	-3.007064e-01
9.21951110000e+05	1.875239e+00	-3.018385e-01
9.39197780000e+05	1.873495e+00	-2.913726e-01
9.56767078000e+05	1.868691e+00	-2.936374e-01
9.74665041000e+05	1.869614e+00	-2.833428e-01
9.92897815000e+05	1.871921e+00	-2.878002e-01
1.01147166400e+06	1.871010e+00	-2.753733e-01
1.03039296900e+06	1.874129e+00	-2.742729e-01
1.04966822900e+06	1.866241e+00	-2.718853e-01
1.06930406600e+06	1.867682e+00	-2.691484e-01
1.08930722500e+06	1.862310e+00	-2.663985e-01
1.10968457700e+06	1.858882e+00	-2.716773e-01
1.13044312200e+06	1.870070e+00	-2.687932e-01
1.15158999200e+06	1.856091e+00	-2.563458e-01
1.17313244900e+06	1.853817e+00	-2.538111e-01
1.19507789500e+06	1.858117e+00	-2.574484e-01
1.21743386800e+06	1.856990e+00	-2.515088e-01
1.24020804800e+06	1.846447e+00	-2.493768e-01
1.26340825800e+06	1.848245e+00	-2.388995e-01
1.28704246700e+06	1.844354e+00	-2.398455e-01
1.31111879400e+06	1.843367e+00	-2.401223e-01
1.33564551100e+06	1.838412e+00	-2.326189e-01
1.36063104100e+06	1.845099e+00	-2.359568e-01
1.38608396800e+06	1.840663e+00	-2.251578e-01
1.41201303600e+06	1.838878e+00	-2.325959e-01
1.43842715200e+06	1.836521e+00	-2.185755e-01
1.46533538800e+06	1.835993e+00	-2.192868e-01
1.49274698900e+06	1.832358e+00	-2.094905e-01
1.52067137100e+06	1.829911e+00	-2.106830e-01
1.54911812600e+06	1.827396e+00	-2.065007e-01
1.57809702700e+06	1.824648e+00	-2.059359e-01
1.60761802700e+06	1.822433e+00	-2.029158e-01
1.63769126700e+06	1.829354e+00	-1.997239e-01
1.66832708000e+06	1.823561e+00	-1.993351e-01
1.69953598700e+06	1.820634e+00	-2.033137e-01
1.73132871000e+06	1.819091e+00	-1.995896e-01
1.76371617100e+06	1.816034e+00	-1.887836e-01
1.79670949400e+06	1.817105e+00	-1.861766e-01
1.83032001300e+06	1.818833e+00	-1.907294e-01
1.86455927500e+06	1.809471e+00	-1.837427e-01
1.89943904100e+06	1.813787e+00	-1.818734e-01
1.93497129200e+06	1.813238e+00	-1.802619e-01
1.97116823500e+06	1.807352e+00	-1.738677e-01
2.00804230300e+06	1.804609e+00	-1.769290e-01
2.04560616400e+06	1.807673e+00	-1.670734e-01
2.08387272100e+06	1.796255e+00	-1.701006e-01
2.12285511900e+06	1.797772e+00	-1.636735e-01
2.16256675000e+06	1.799926e+00	-1.591426e-01
2.20302125400e+06	1.796036e+00	-1.576010e-01
2.24423252900e+06	1.802506e+00	-1.598263e-01
2.28621473200e+06	1.792476e+00	-1.567471e-01
2.32898228300e+06	1.795262e+00	-1.547263e-01
2.37254987400e+06	1.790302e+00	-1.469948e-01
2.41693247200e+06	1.794844e+00	-1.519498e-01
2.46214532100e+06	1.786101e+00	-1.463427e-01
2.50820395400e+06	1.788024e+00	-1.487410e-01
2.55512419300e+06	1.787092e+00	-1.419614e-01
2.60292215500e+06	1.784916e+00	-1.433137e-01
2.65161425900e+06	1.782081e+00	-1.326849e-01
2.70121723300e+06	1.787268e+00	-1.329634e-01
2.75174811400e+06	1.779591e+00	-1.305490e-01
2.80322426300e+06	1.774300e+00	-1.322613e-01
2.85566336000e+06	1.781297e+00	-1.256830e-01
2.90908342000e+06	1.770262e+00	-1.330265e-01
2.96350279400e+06	1.771036e+00	-1.205563e-01
3.01894017500e+06	1.768664e+00	-1.187279e-01
3.07541460700e+06	1.766809e+00	-1.182883e-01
3.13294549000e+06	1.763844e+00	-1.113704e-01
3.19155258600e+06	1.763309e+00	-1.114069e-01
3.25125602800e+06	1.763804e+00	-1.106206e-01
3.31207632400e+06	1.761940e+00	-1.068701e-01
3.37403436900e+06	1.756431e+00	-1.040590e-01
3.43715144400e+06	1.753778e+00	-1.023865e-01
3.50144923200e+06	1.757110e+00	-9.930262e-02
3.56694982000e+06	1.752525e+00	-9.565878e-02
3.63367570800e+06	1.748924e+00	-9.474900e-02
3.70164981800e+06	1.747344e+00	-9.528704e-02
3.77089550000e+06	1.746883e+00	-9.326620e-02
3.84143654100e+06	1.739359e+00	-8.889820e-02
3.91329717200e+06	1.738575e+00	-8.678974e-02
3.98650207900e+06	1.735358e+00	-7.993752e-02
4.06107640900e+06	1.733094e+00	-7.975131e-02
4.13704577900e+06	1.731740e+00	-7.382853e-02
4.21443628600e+06	1.729784e+00	-7.298730e-02
4.29327451400e+06	1.727147e+00	-7.345426e-02
4.37358754600e+06	1.726015e+00	-6.450075e-02
4.45540297100e+06	1.721189e+00	-6.431018e-02
4.53874889300e+06	1.719131e+00	-6.178743e-02
4.62365394300e+06	1.719388e+00	-5.654315e-02
4.71014728600e+06	1.720167e+00	-5.304370e-02
4.79825863600e+06	1.711679e+00	-4.902443e-02
4.88801825800e+06	1.711095e+00	-4.791616e-02
4.97945698800e+06	1.706203e+00	-4.601444e-02
5.07260623500e+06	1.714442e+00	-4.402272e-02
5.16749799800e+06	1.710897e+00	-3.877854e-02
5.26416487400e+06	1.706381e+00	-3.489882e-02
5.36264006800e+06	1.703323e+00	-3.149617e-02
5.46295740900e+06	1.698809e+00	-2.763670e-02
5.56515135800e+06	1.693793e+00	-2.185759e-02
5.66925701900e+06	1.692074e+00	-1.778814e-02
5.77531015400e+06	1.690042e+00	-1.355672e-02
5.88334719300e+06	1.685661e+00	-1.403741e-02
5.99340525100e+06	1.683349e+00	-6.024159e-03
6.10552213200e+06	1.679625e+00	-2.263146e-03
6.21973635100e+06	1.676636e+00	-4.390999e-04
6.33608714200e+06	1.676937e+00	6.719992e-03
6.45461447300e+06	1.673842e+00	8.461962e-03
6.57535906100e+06	1.670397e+00	1.190997e-02
6.69836238200e+06	1.663817e+00	1.570405e-02
6.82366669000e+06	1.667557e+00	2.249023e-02
6.95131503000e+06	1.662254e+00	2.731319e-02
7.08135124900e+06	1.657498e+00	2.994807e-02
7.21382001800e+06	1.657105e+00	3.108088e-02
7.34876684200e+06	1.652204e+00	3.631350e-02
7.48623807700e+06	1.651870e+00	4.359394e-02
7.62628094600e+06	1.644125e+00	4.632871e-02
7.76894355600e+06	1.643423e+00	5.645610e-02
7.91427491300e+06	1.641337e+00	5.877046e-02
8.06232494200e+06	1.637093e+00	6.587510e-02
8.21314450000e+06	1.634512e+00	6.925412e-02
8.36678539400e+06	1.629980e+00	7.356021e-02
8.52330040500e+06	1.626962e+00	7.727718e-02
8.68274329600e+06	1.626928e+00	8.482437e-02
8.84516883800e+06	1.618145e+00	9.283185e-02
9.01063282800e+06	1.616717e+00	9.897587e-02
9.17919210400e+06	1.608261e+00	1.043600e-01
9.35090456900e+06	1.610411e+00	1.133953e-01
9.52582920900e+06	1.602803e+00	1.157985e-01
9.70402611300e+06	1.602662e+00	1.224832e-01
9.88555649500e+06	1.600582e+00	1.278878e-01
1.00704827130e+07	1.598199e+00	1.362458e-01
1.02588682910e+07	1.591052e+00	1.432143e-01
1.04507779430e+07	1.591455e+00	1.495864e-01
1.06462775940e+07	1.585395e+00	1.587974e-01
1.08454343980e+07	1.582283e+00	1.667653e-01
1.10483167720e+07	1.577338e+00	1.694610e-01
1.12549944060e+07	1.572639e+00	1.765892e-01
1.14655382990e+07	1.570576e+00	1.908095e-01
1.16800207740e+07	1.566799e+00	1.974742e-01
1.18985155110e+07	1.562109e+00	2.098717e-01
1.21210975650e+07	1.563377e+00	2.133943e-01
1.23478433960e+07	1.555305e+00	2.267018e-01
1.25788308950e+07	1.549203e+00	2.351418e-01
1.28141394100e+07	1.547609e+00	2.434078e-01
1.30538497730e+07	1.546905e+00	2.553370e-01
1.32980443270e+07	1.538747e+00	2.652420e-01
1.35468069580e+07	1.533013e+00	2.717009e-01
1.38002231190e+07	1.532284e+00	2.869124e-01
1.40583798610e+07	1.523266e+00	2.988595e-01
1.43213658660e+07	1.518895e+00	3.056120e-01
1.45892714740e+07	1.518874e+00	3.152331e-01
1.48621887140e+07	1.513803e+00	3.212472e-01
1.51402113360e+07	1.507880e+00	3.345488e-01
1.54234348470e+07	1.497786e+00	3.406595e-01
1.57119565370e+07	1.499407e+00	3.539387e-01
1.60058755190e+07	1.496063e+00	3.660913e-01
1.63052927560e+07	1.493462e+00	3.808513e-01
1.66103111050e+07	1.483680e+00	3.920096e-01
1.69210353420e+07	1.476187e+00	4.015636e-01
1.72375722070e+07	1.479980e+00	4.175428e-01
1.75600304350e+07	1.474032e+00	4.267280e-01
1.78885207950e+07	1.467896e+00	4.408383e-01
1.82231561280e+07	1.461025e+00	4.559586e-01
1.85640513860e+07	1.457393e+00	4.724586e-01
1.89113236730e+07	1.453971e+00	4.845400e-01
1.92650922800e+07	1.448363e+00	4.983463e-01
1.96254787340e+07	1.444475e+00	5.112107e-01
1.99926068310e+07	1.437141e+00	5.290089e-01
2.03666026870e+07	1.432229e+00	5.438437e-01
2.07475947740e+07	1.430392e+00	5.547748e-01
2.11357139690e+07	1.422664e+00	5.741718e-01
2.15310935960e+07	1.421469e+00	5.880470e-01
2.19338694740e+07	1.413972e+00	6.086986e-01
2.23441799630e+07	1.409212e+00	6.248224e-01
2.27621660100e+07	1.405496e+00	6.417489e-01
2.31879712010e+07	1.394764e+00	6.649237e-01
2.36217418040e+07	1.390444e+00	6.822083e-01
2.40636268280e+07	1.382514e+00	6.975577e-01
2.45137780650e+07	1.384017e+00	7.162828e-01
2.49723501510e+07	1.376129e+00	7.332740e-01
2.54395006100e+07	1.375587e+00	7.560773e-01
2.59153899160e+07	1.367815e+00	7.785468e-01
2.64001815450e+07	1.360542e+00	7.993147e-01
2.68940420290e+07	1.361309e+00	8.198984e-01
2.73971410170e+07	1.358596e+00	8.422024e-01
2.79096513310e+07	1.349471e+00	8.612754e-01
2.84317490250e+07	1.341563e+00	8.873746e-01
2.89636134490e+07	1.335304e+00	9.082768e-01
2.95054273050e+07	1.327692e+00	9.362454e-01
3.00573767140e+07	1.317947e+00	9.568615e-01
3.06196512800e+07	1.317070e+00	9.813440e-01
3.11924441520e+07	1.310675e+00	1.007719e+00
3.17759520930e+07	1.306950e+00	1.034125e+00
3.23703755460e+07	1.300700e+00	1.054985e+00
3.29759187060e+07	1.294135e+00	1.083580e+00
3.35927895840e+07	1.290408e+00	1.110063e+00
3.42212000850e+07	1.285207e+00	1.140126e+00
3.48613660790e+07	1.274635e+00	1.166288e+00
3.55135074700e+07	1.271393e+00	1.191966e+00
3.61778482800e+07	1.267220e+00	1.224323e+00
3.68546167200e+07	1.258116e+00	1.253424e+00
3.75440452690e+07	1.249084e+00	1.287138e+00
3.82463707560e+07	1.247722e+00	1.318188e+00
3.89618344410e+07	1.242398e+00	1.353857e+00
3.96906820970e+07	1.229682e+00	1.379058e+00
4.04331640920e+07	1.227355e+00	1.421521e+00
4.11895354820e+07	1.220595e+00	1.448662e+00
4.19600560900e+07	1.220258e+00	1.481105e+00
4.27449906010e+07	1.213935e+00	1.516938e+00
4.35446086540e+07	1.203054e+00	1.555939e+00
4.43591849280e+07	1.200561e+00	1.592418e+00
4.51889992420e+07	1.186269e+00	1.629426e+00
4.60343366500e+07	1.183317e+00	1.663822e+00
4.68954875380e+07	1.179986e+00	1.704734e+00
4.77727477250e+07	1.178012e+00	1.744435e+00
4.86664185610e+07	1.166207e+00	1.788101e+00
4.95768070360e+07	1.152999e+00	1.828176e+00
5.05042258830e+07	1.152086e+00	1.866143e+00
5.14489936840e+07	1.155239e+00	1.913505e+00
5.24114349790e+07	1.145366e+00	1.953722e+00
5.33918803830e+07	1.133234e+00	1.999506e+00
5.43906666920e+07	1.128282e+00	2.042184e+00
5.54081370050e+07	1.123240e+00	2.093266e+00
5.64446408380e+07	1.115314e+00	2.141638e+00
5.75005342460e+07	1.111736e+00	2.185206e+00
5.85761799430e+07	1.106682e+00	2.237336e+00
5.96719474300e+07	1.096348e+00	2.290360e+00
6.07882131190e+07	1.092869e+00	2.340419e+00
6.19253604650e+07	1.087805e+00	2.387074e+00
6.30837800930e+07	1.081970e+00	2.441357e+00
6.42638699390e+07	1.079564e+00	2.494582e+00
6.54660353810e+07	1.071570e+00	2.550179e+00
6.66906893810e+07	1.059359e+00	2.602930e+00
6.79382526260e+07	1.060862e+00	2.661172e+00
6.92091536720e+07	1.051345e+00	2.720282e+00
7.05038290920e+07	1.047287e+00	2.778356e+00
7.18227236270e+07	1.037800e+00	2.842236e+00
7.31662903370e+07	1.034369e+00	2.899719e+00
7.45349907570e+07	1.026897e+00	2.964870e+00
7.59292950560e+07	1.020300e+00	3.027787e+00
7.73496821980e+07	1.018336e+00	3.092045e+00
7.87966401080e+07	1.007442e+00	3.164463e+00
8.02706658360e+07	1.004585e+00	3.225881e+00
8.17722657330e+07	1.006191e+00	3.293272e+00
8.33019556210e+07	9.920475e-01	3.370727e+00
8.48602609700e+07	9.904584e-01	3.437055e+00
8.64477170830e+07	9.875975e-01	3.515859e+00
8.80648692730e+07	9.783376e-01	3.591204e+00
8.97122730570e+07	9.766406e-01	3.658128e+00
9.13904943420e+07	9.740094e-01	3.739462e+00
9.31001096230e+07	9.670273e-01	3.817059e+00
9.48417061770e+07	9.620054e-01	3.895293e+00
9.66158822700e+07	9.585211e-01	3.974408e+00
9.84232473560e+07	9.585552e-01	4.056332e+00
1.00264422293e+08	9.475131e-01	4.144650e+00
1.02140039551e+08	9.425886e-01	4.226465e+00
1.04050743434e+08	9.376194e-01	4.313425e+00
1.05997190296e+08	9.340978e-01	4.405563e+00
1.07980048771e+08	9.267788e-01	4.493177e+00
1.10000000000e+08	9.229419e-01	4.587944e+00


"TRACE: B"

"Frequency"	"Data Trace Real"	"Data Trace Imag"
4.00000000000e+01	2.663260e-06	2.628420e-04
4.07480000000e+01	2.236606e-06	2.682192e-04
4.15110000000e+01	2.562467e-06	2.729954e-04
4.22870000000e+01	2.408769e-06	2.778778e-04
4.30780000000e+01	2.943329e-06	2.831599e-04
4.38840000000e+01	2.771560e-06	2.882975e-04
4.47050000000e+01	3.009299e-06	2.937528e-04
4.55410000000e+01	2.904914e-06	2.993451e-04
4.63930000000e+01	3.052232e-06	3.050119e-04
4.72610000000e+01	3.280142e-06	3.102901e-04
4.81450000000e+01	3.612919e-06	3.163799e-04
4.90460000000e+01	3.390286e-06	3.220101e-04
4.99630000000e+01	3.550701e-06	3.281632e-04
5.08980000000e+01	3.558109e-06	3.341971e-04
5.18500000000e+01	3.620947e-06	3.404390e-04
5.28200000000e+01	3.896737e-06	3.464813e-04
5.38080000000e+01	3.364489e-06	3.536338e-04
5.48150000000e+01	3.434113e-06	3.596635e-04
5.58400000000e+01	3.769891e-06	3.669576e-04
5.68850000000e+01	3.606727e-06	3.731017e-04
5.79490000000e+01	3.568475e-06	3.802239e-04
5.90330000000e+01	4.437887e-06	3.876146e-04
6.01370000000e+01	4.262376e-06	3.944208e-04
6.12620000000e+01	4.532304e-06	4.021880e-04
6.24080000000e+01	4.230355e-06	4.095710e-04
6.35750000000e+01	4.735127e-06	4.172771e-04
6.47650000000e+01	4.607496e-06	4.244936e-04
6.59760000000e+01	4.657995e-06	4.323294e-04
6.72100000000e+01	4.800486e-06	4.410494e-04
6.84680000000e+01	4.748207e-06	4.488145e-04
6.97490000000e+01	5.140123e-06	4.575802e-04
7.10530000000e+01	5.560515e-06	4.662129e-04
7.23820000000e+01	5.554558e-06	4.746204e-04
7.37360000000e+01	5.801449e-06	4.831632e-04
7.51160000000e+01	5.762445e-06	4.921207e-04
7.65210000000e+01	6.004834e-06	5.016696e-04
7.79520000000e+01	6.055661e-06	5.109802e-04
7.94110000000e+01	6.336903e-06	5.201484e-04
8.08960000000e+01	6.030297e-06	5.297285e-04
8.24100000000e+01	6.724680e-06	5.402775e-04
8.39510000000e+01	6.981135e-06	5.496273e-04
8.55220000000e+01	7.842411e-06	5.600048e-04
8.71210000000e+01	7.647300e-06	5.710932e-04
8.87510000000e+01	7.056579e-06	5.812498e-04
9.04110000000e+01	7.253401e-06	5.920462e-04
9.21030000000e+01	7.609626e-06	6.031456e-04
9.38260000000e+01	8.094544e-06	6.144419e-04
9.55810000000e+01	8.159447e-06	6.255094e-04
9.73690000000e+01	8.457835e-06	6.371005e-04
9.91900000000e+01	8.723950e-06	6.492193e-04
1.01046000000e+02	9.406769e-06	6.612941e-04
1.02936000000e+02	9.038666e-06	6.738896e-04
1.04862000000e+02	9.191827e-06	6.865626e-04
1.06823000000e+02	9.740830e-06	6.989075e-04
1.08822000000e+02	9.698521e-06	7.116429e-04
1.10857000000e+02	1.047684e-05	7.244311e-04
1.12931000000e+02	1.043745e-05	7.387735e-04
1.15044000000e+02	1.073013e-05	7.524898e-04
1.17196000000e+02	1.108292e-05	7.665626e-04
1.19388000000e+02	1.188065e-05	7.810484e-04
1.21621000000e+02	1.202925e-05	7.951639e-04
1.23897000000e+02	1.207542e-05	8.101067e-04
1.26214000000e+02	1.287749e-05	8.247009e-04
1.28575000000e+02	1.266179e-05	8.404153e-04
1.30980000000e+02	1.241998e-05	8.555103e-04
1.33431000000e+02	1.303017e-05	8.716675e-04
1.35927000000e+02	1.384771e-05	8.883192e-04
1.38469000000e+02	1.377053e-05	9.043480e-04
1.41060000000e+02	1.469062e-05	9.208891e-04
1.43699000000e+02	1.517480e-05	9.381962e-04
1.46387000000e+02	1.515430e-05	9.560624e-04
1.49125000000e+02	1.530458e-05	9.738485e-04
1.51915000000e+02	1.672435e-05	9.914747e-04
1.54757000000e+02	1.670516e-05	1.010664e-03
1.57652000000e+02	1.740080e-05	1.028670e-03
1.60601000000e+02	1.836484e-05	1.048823e-03
1.63605000000e+02	1.817191e-05	1.066759e-03
1.66666000000e+02	1.871700e-05	1.087688e-03
1.69783000000e+02	1.858091e-05	1.108319e-03
1.72959000000e+02	1.975898e-05	1.127603e-03
1.76195000000e+02	2.081876e-05	1.148721e-03
1.79491000000e+02	2.098273e-05	1.169824e-03
1.82849000000e+02	2.192050e-05	1.191614e-03
1.86269000000e+02	2.225455e-05	1.214868e-03
1.89754000000e+02	2.340174e-05	1.236126e-03
1.93303000000e+02	2.321890e-05	1.258924e-03
1.96919000000e+02	2.465230e-05	1.282934e-03
2.00603000000e+02	2.552299e-05	1.306180e-03
2.04356000000e+02	2.526564e-05	1.331116e-03
2.08178000000e+02	2.656829e-05	1.356302e-03
2.12073000000e+02	2.689859e-05	1.381764e-03
2.16040000000e+02	2.912511e-05	1.406009e-03
2.20081000000e+02	2.937439e-05	1.433837e-03
2.24198000000e+02	2.929832e-05	1.459474e-03
2.28392000000e+02	3.173317e-05	1.486477e-03
2.32665000000e+02	3.064446e-05	1.513398e-03
2.37017000000e+02	3.246415e-05	1.541473e-03
2.41451000000e+02	3.444771e-05	1.568930e-03
2.45968000000e+02	3.521326e-05	1.598743e-03
2.50569000000e+02	3.547035e-05	1.628951e-03
2.55256000000e+02	3.616499e-05	1.659563e-03
2.60031000000e+02	3.795545e-05	1.690286e-03
2.64896000000e+02	3.918546e-05	1.721201e-03
2.69851000000e+02	3.988930e-05	1.755201e-03
2.74899000000e+02	3.941933e-05	1.787290e-03
2.80042000000e+02	4.101423e-05	1.818255e-03
2.85280000000e+02	4.304268e-05	1.852243e-03
2.90617000000e+02	4.526944e-05	1.885040e-03
2.96053000000e+02	4.418188e-05	1.921967e-03
3.01591000000e+02	4.956109e-05	1.956576e-03
3.07233000000e+02	5.002159e-05	1.992081e-03
3.12981000000e+02	5.209722e-05	2.027747e-03
3.18835000000e+02	5.335821e-05	2.067888e-03
3.24800000000e+02	5.348782e-05	2.104694e-03
3.30876000000e+02	5.563201e-05	2.143001e-03
3.37065000000e+02	5.677631e-05	2.183351e-03
3.43371000000e+02	5.867254e-05	2.226486e-03
3.49794000000e+02	5.911730e-05	2.266692e-03
3.56338000000e+02	6.305406e-05	2.305462e-03
3.63003000000e+02	6.513351e-05	2.350273e-03
3.69794000000e+02	6.335029e-05	2.392306e-03
3.76712000000e+02	7.092127e-05	2.438781e-03
3.83759000000e+02	7.151695e-05	2.483358e-03
3.90938000000e+02	7.219749e-05	2.530589e-03
3.98251000000e+02	7.564375e-05	2.577506e-03
4.05701000000e+02	7.665713e-05	2.624302e-03
4.13290000000e+02	8.028718e-05	2.671359e-03
4.21021000000e+02	8.375617e-05	2.721243e-03
4.28897000000e+02	8.276803e-05	2.771225e-03
4.36920000000e+02	8.766171e-05	2.820749e-03
4.45094000000e+02	9.123672e-05	2.875031e-03
4.53420000000e+02	9.524693e-05	2.930140e-03
4.61902000000e+02	9.336152e-05	2.983568e-03
4.70543000000e+02	1.025851e-04	3.035060e-03
4.79345000000e+02	1.030489e-04	3.094870e-03
4.88312000000e+02	1.073813e-04	3.149013e-03
4.97447000000e+02	1.023136e-04	3.208563e-03
5.06752000000e+02	1.111837e-04	3.264686e-03
5.16232000000e+02	1.116608e-04	3.327164e-03
5.25889000000e+02	1.216416e-04	3.386328e-03
5.35727000000e+02	1.211505e-04	3.449425e-03
5.45748000000e+02	1.232368e-04	3.516281e-03
5.55957000000e+02	1.280523e-04	3.579740e-03
5.66358000000e+02	1.330216e-04	3.641441e-03
5.76952000000e+02	1.346268e-04	3.711520e-03
5.87745000000e+02	1.398008e-04	3.777383e-03
5.98740000000e+02	1.461573e-04	3.847932e-03
6.09940000000e+02	1.412935e-04	3.917202e-03
6.21350000000e+02	1.498017e-04	3.990320e-03
6.32974000000e+02	1.623089e-04	4.064082e-03
6.44815000000e+02	1.628895e-04	4.139856e-03
6.56877000000e+02	1.614906e-04	4.224844e-03
6.69165000000e+02	1.802616e-04	4.287501e-03
6.81683000000e+02	1.759178e-04	4.357009e-03
6.94435000000e+02	1.847043e-04	4.450273e-03
7.07425000000e+02	1.842329e-04	4.535039e-03
7.20659000000e+02	1.945227e-04	4.620879e-03
7.34140000000e+02	2.005279e-04	4.703145e-03
7.47874000000e+02	2.044377e-04	4.781575e-03
7.61864000000e+02	2.107501e-04	4.868947e-03
7.76116000000e+02	2.216239e-04	4.959378e-03
7.90634000000e+02	2.273884e-04	5.048220e-03
8.05425000000e+02	2.274491e-04	5.140424e-03
8.20491000000e+02	2.300820e-04	5.232456e-03
8.35840000000e+02	2.475005e-04	5.333820e-03
8.51476000000e+02	2.556734e-04	5.430054e-03
8.67404000000e+02	2.627243e-04	5.534404e-03
8.83630000000e+02	2.613761e-04	5.623990e-03
9.00160000000e+02	2.699751e-04	5.725367e-03
9.16999000000e+02	2.746491e-04	5.829293e-03
9.34153000000e+02	2.950508e-04	5.950742e-03
9.51628000000e+02	3.012111e-04	6.050265e-03
9.69430000000e+02	3.095097e-04	6.155952e-03
9.87565000000e+02	3.120092e-04	6.282580e-03
1.00603900000e+03	3.173913e-04	6.386694e-03
1.02485900000e+03	3.376201e-04	6.498802e-03
1.04403000000e+03	3.472499e-04	6.617045e-03
1.06356100000e+03	3.547648e-04	6.753364e-03
1.08345700000e+03	3.723101e-04	6.862605e-03
1.10372400000e+03	3.657942e-04	6.988855e-03
1.12437200000e+03	3.814209e-04	7.118061e-03
1.14540500000e+03	3.970623e-04	7.238329e-03
1.16683200000e+03	4.116031e-04	7.353769e-03
1.18865900000e+03	4.223122e-04	7.498161e-03
1.21089500000e+03	4.257886e-04	7.650578e-03
1.23354700000e+03	4.565145e-04	7.773013e-03
1.25662300000e+03	4.566151e-04	7.928142e-03
1.28013000000e+03	4.670135e-04	8.072253e-03
1.30407700000e+03	4.810231e-04	8.218834e-03
1.32847200000e+03	4.820178e-04	8.377217e-03
1.35332300000e+03	5.140942e-04	8.519400e-03
1.37863900000e+03	5.261956e-04	8.687014e-03
1.40442900000e+03	5.353671e-04	8.826962e-03
1.43070100000e+03	5.396430e-04	8.985199e-03
1.45746500000e+03	5.528813e-04	9.166552e-03
1.48472900000e+03	5.842927e-04	9.318875e-03
1.51250400000e+03	6.019309e-04	9.493968e-03
1.54079800000e+03	6.163351e-04	9.667776e-03
1.56962100000e+03	6.279522e-04	9.839372e-03
1.59898400000e+03	6.367997e-04	1.003348e-02
1.62889500000e+03	7.166797e-04	1.019889e-02
1.65936700000e+03	6.788719e-04	1.038272e-02
1.69040800000e+03	7.046378e-04	1.056997e-02
1.72203000000e+03	7.247697e-04	1.076726e-02
1.75424300000e+03	7.331507e-04	1.095122e-02
1.78705900000e+03	7.530996e-04	1.113403e-02
1.82048900000e+03	7.974464e-04	1.134278e-02
1.85454500000e+03	8.264151e-04	1.153189e-02
1.88923700000e+03	8.690909e-04	1.173793e-02
1.92457900000e+03	8.638164e-04	1.195003e-02
1.96058100000e+03	8.831121e-04	1.219366e-02
1.99725700000e+03	9.154253e-04	1.239061e-02
2.03461900000e+03	9.266241e-04	1.262748e-02
2.07268000000e+03	9.741862e-04	1.285268e-02
2.11145300000e+03	9.902945e-04	1.312157e-02
2.15095200000e+03	1.009048e-03	1.331402e-02
2.19118900000e+03	1.033484e-03	1.357806e-02
2.23217900000e+03	1.095522e-03	1.380139e-02
2.27393600000e+03	1.125505e-03	1.404518e-02
2.31647300000e+03	1.155282e-03	1.432492e-02
2.35980700000e+03	1.176652e-03	1.456991e-02
2.40395100000e+03	1.222733e-03	1.483460e-02
2.44892100000e+03	1.276719e-03	1.511951e-02
2.49473200000e+03	1.330282e-03	1.536926e-02
2.54140100000e+03	1.328187e-03	1.559743e-02
2.58894200000e+03	1.348086e-03	1.596244e-02
2.63737300000e+03	1.378632e-03	1.617873e-02
2.68670900000e+03	1.431151e-03	1.651015e-02
2.73696900000e+03	1.448275e-03	1.676616e-02
2.78816800000e+03	1.481571e-03	1.709731e-02
2.84032600000e+03	1.491941e-03	1.739915e-02
2.89345900000e+03	1.561630e-03	1.772435e-02
2.94758600000e+03	1.626027e-03	1.805975e-02
3.00272600000e+03	1.668094e-03	1.833682e-02
3.05889700000e+03	1.716485e-03	1.869270e-02
3.11611900000e+03	1.781975e-03	1.899235e-02
3.17441100000e+03	1.811567e-03	1.931907e-02
3.23379400000e+03	1.891478e-03	1.962226e-02
3.29428700000e+03	1.988244e-03	2.003885e-02
3.35591300000e+03	2.015336e-03	2.044603e-02
3.41869100000e+03	2.015423e-03	2.074062e-02
3.48264300000e+03	2.026008e-03	2.109024e-02
3.54779200000e+03	2.140082e-03	2.153978e-02
3.61415900000e+03	2.159596e-03	2.184478e-02
3.68176800000e+03	2.331430e-03	2.231712e-02
3.75064200000e+03	2.352095e-03	2.267946e-02
3.82080400000e+03	2.395917e-03	2.307260e-02
3.89227900000e+03	2.492738e-03	2.344267e-02
3.96509100000e+03	2.525862e-03	2.390921e-02
4.03926400000e+03	2.658853e-03	2.434020e-02
4.11482600000e+03	2.677938e-03	2.475468e-02
4.19180100000e+03	2.798517e-03	2.513997e-02
4.27021500000e+03	2.807457e-03	2.560595e-02
4.35009700000e+03	2.861214e-03	2.608368e-02
4.43147300000e+03	3.012125e-03	2.654272e-02
4.51437100000e+03	3.087060e-03	2.698750e-02
4.59882000000e+03	3.200536e-03	2.746823e-02
4.68484900000e+03	3.223269e-03	2.800721e-02
4.77248700000e+03	3.383744e-03	2.854131e-02
4.86176500000e+03	3.536049e-03	2.898993e-02
4.95271200000e+03	3.556182e-03	2.942159e-02
5.04536100000e+03	3.617489e-03	2.999905e-02
5.13974400000e+03	3.714391e-03	3.049318e-02
5.23589100000e+03	3.877389e-03	3.100523e-02
5.33383700000e+03	4.110539e-03	3.152886e-02
5.43361600000e+03	3.982509e-03	3.217212e-02
5.53526100000e+03	4.146814e-03	3.281560e-02
5.63880800000e+03	4.283541e-03	3.327505e-02
5.74429100000e+03	4.433292e-03	3.395354e-02
5.85174800000e+03	4.420381e-03	3.446783e-02
5.96121500000e+03	4.688970e-03	3.502719e-02
6.07273000000e+03	4.712983e-03	3.573417e-02
6.18633000000e+03	4.975830e-03	3.626578e-02
6.30205600000e+03	5.074414e-03	3.686478e-02
6.41994700000e+03	5.168498e-03	3.760955e-02
6.54004300000e+03	5.275544e-03	3.824260e-02
6.66238600000e+03	5.533925e-03	3.878755e-02
6.78701700000e+03	5.643317e-03	3.950329e-02
6.91398000000e+03	5.745895e-03	4.019789e-02
7.04331800000e+03	5.967159e-03	4.089467e-02
7.17507500000e+03	6.130688e-03	4.164439e-02
7.30929700000e+03	6.369867e-03	4.245630e-02
7.44603000000e+03	6.497817e-03	4.309233e-02
7.58532000000e+03	6.656736e-03	4.379435e-02
7.72721700000e+03	6.918090e-03	4.467854e-02
7.87176800000e+03	7.012696e-03	4.530702e-02
8.01902200000e+03	7.084391e-03	4.610971e-02
8.16903200000e+03	7.586210e-03	4.699565e-02
8.32184800000e+03	7.707614e-03	4.773801e-02
8.47752200000e+03	7.908329e-03	4.858601e-02
8.63610900000e+03	8.194339e-03	4.947772e-02
8.79766200000e+03	8.306126e-03	5.012686e-02
8.96223700000e+03	8.684502e-03	5.133063e-02
9.12989100000e+03	8.856351e-03	5.210201e-02
9.30068100000e+03	9.007450e-03	5.291598e-02
9.47466600000e+03	9.260554e-03	5.381972e-02
9.65190600000e+03	9.308760e-03	5.477919e-02
9.83246100000e+03	9.893518e-03	5.563698e-02
1.00163940000e+04	1.010977e-02	5.666703e-02
1.02037680000e+04	1.026958e-02	5.769749e-02
1.03946470000e+04	1.076614e-02	5.866224e-02
1.05890970000e+04	1.107319e-02	5.975568e-02
1.07871840000e+04	1.148384e-02	6.064838e-02
1.09889770000e+04	1.188035e-02	6.181747e-02
1.11945440000e+04	1.226030e-02	6.268081e-02
1.14039570000e+04	1.256381e-02	6.375010e-02
1.16172880000e+04	1.263608e-02	6.493928e-02
1.18346090000e+04	1.305217e-02	6.617032e-02
1.20559960000e+04	1.342265e-02	6.721010e-02
1.22815240000e+04	1.397649e-02	6.845417e-02
1.25112700000e+04	1.448909e-02	6.933982e-02
1.27453150000e+04	1.478032e-02	7.063860e-02
1.29837380000e+04	1.508537e-02	7.168924e-02
1.32266210000e+04	1.541349e-02	7.276432e-02
1.34740470000e+04	1.600719e-02	7.391623e-02
1.37261030000e+04	1.662520e-02	7.545600e-02
1.39828730000e+04	1.700781e-02	7.667479e-02
1.42444460000e+04	1.755520e-02	7.790136e-02
1.45109130000e+04	1.818409e-02	7.943402e-02
1.47823640000e+04	1.856618e-02	8.043052e-02
1.50588940000e+04	1.913525e-02	8.191793e-02
1.53405960000e+04	1.956236e-02	8.346558e-02
1.56275680000e+04	2.006715e-02	8.456013e-02
1.59199080000e+04	2.090428e-02	8.602003e-02
1.62177180000e+04	2.159304e-02	8.785111e-02
1.65210980000e+04	2.202852e-02	8.897319e-02
1.68301530000e+04	2.277086e-02	9.038723e-02
1.71449900000e+04	2.322464e-02	9.171627e-02
1.74657160000e+04	2.397938e-02	9.285158e-02
1.77924420000e+04	2.495733e-02	9.496822e-02
1.81252800000e+04	2.554577e-02	9.626790e-02
1.84643440000e+04	2.633802e-02	9.787021e-02
1.88097520000e+04	2.736729e-02	9.936921e-02
1.91616200000e+04	2.798452e-02	1.012419e-01
1.95200710000e+04	2.890829e-02	1.027570e-01
1.98852270000e+04	2.945788e-02	1.042695e-01
2.02572140000e+04	3.017471e-02	1.059797e-01
2.06361600000e+04	3.154038e-02	1.080254e-01
2.10221950000e+04	3.228980e-02	1.093097e-01
2.14154510000e+04	3.353059e-02	1.110259e-01
2.18160630000e+04	3.430763e-02	1.124675e-01
2.22241700000e+04	3.562482e-02	1.144955e-01
2.26399110000e+04	3.648729e-02	1.163070e-01
2.30634290000e+04	3.739247e-02	1.182580e-01
2.34948700000e+04	3.822855e-02	1.197386e-01
2.39343820000e+04	3.933676e-02	1.220516e-01
2.43821150000e+04	4.086461e-02	1.234856e-01
2.48382240000e+04	4.248044e-02	1.254587e-01
2.53028660000e+04	4.348467e-02	1.272459e-01
2.57761990000e+04	4.459646e-02	1.292120e-01
2.62583870000e+04	4.603768e-02	1.311590e-01
2.67495950000e+04	4.727617e-02	1.329232e-01
2.72499920000e+04	4.912848e-02	1.348446e-01
2.77597490000e+04	5.037608e-02	1.367811e-01
2.82790430000e+04	5.142463e-02	1.388166e-01
2.88080510000e+04	5.320119e-02	1.412829e-01
2.93469550000e+04	5.440928e-02	1.431256e-01
2.98959390000e+04	5.646057e-02	1.452772e-01
3.04551940000e+04	5.827980e-02	1.466303e-01
3.10249110000e+04	5.995337e-02	1.491017e-01
3.16052840000e+04	6.125774e-02	1.515530e-01
3.21965150000e+04	6.345615e-02	1.531932e-01
3.27988060000e+04	6.539203e-02	1.548418e-01
3.34123640000e+04	6.693806e-02	1.571161e-01
3.40373990000e+04	6.888243e-02	1.588147e-01
3.46741270000e+04	7.087176e-02	1.616987e-01
3.53227660000e+04	7.282247e-02	1.636911e-01
3.59835380000e+04	7.509684e-02	1.656986e-01
3.66566720000e+04	7.753199e-02	1.674533e-01
3.73423970000e+04	7.913847e-02	1.693517e-01
3.80409510000e+04	8.167431e-02	1.715107e-01
3.87525720000e+04	8.357887e-02	1.739331e-01
3.94775050000e+04	8.569621e-02	1.754618e-01
4.02159990000e+04	8.848203e-02	1.776991e-01
4.09683080000e+04	9.086818e-02	1.796791e-01
4.17346900000e+04	9.354167e-02	1.817321e-01
4.25154090000e+04	9.583333e-02	1.836428e-01
4.33107320000e+04	9.888909e-02	1.858456e-01
4.41209330000e+04	1.011929e-01	1.878669e-01
4.49462910000e+04	1.038845e-01	1.898224e-01
4.57870880000e+04	1.065965e-01	1.919824e-01
4.66436130000e+04	1.093037e-01	1.937891e-01
4.75161620000e+04	1.122654e-01	1.955084e-01
4.84050330000e+04	1.148640e-01	1.978015e-01
4.93105320000e+04	1.180746e-01	1.993734e-01
5.02329690000e+04	1.212840e-01	2.017659e-01
5.11726630000e+04	1.246427e-01	2.031506e-01
5.21299350000e+04	1.270989e-01	2.050247e-01
5.31051140000e+04	1.302615e-01	2.067505e-01
5.40985360000e+04	1.339306e-01	2.085606e-01
5.51105420000e+04	1.370991e-01	2.100170e-01
5.61414780000e+04	1.400317e-01	2.120465e-01
5.71917010000e+04	1.435657e-01	2.138783e-01
5.82615690000e+04	1.469126e-01	2.157433e-01
5.93514510000e+04	1.502534e-01	2.171945e-01
6.04617220000e+04	1.543299e-01	2.187908e-01
6.15927610000e+04	1.573911e-01	2.199305e-01
6.27449590000e+04	1.607766e-01	2.211243e-01
6.39187110000e+04	1.650828e-01	2.225381e-01
6.51144190000e+04	1.683939e-01	2.235949e-01
6.63324960000e+04	1.719860e-01	2.250552e-01
6.75733580000e+04	1.760490e-01	2.264517e-01
6.88374340000e+04	1.798989e-01	2.278365e-01
7.01251550000e+04	1.837442e-01	2.291610e-01
7.14369660000e+04	1.876179e-01	2.297174e-01
7.27733170000e+04	1.915110e-01	2.306231e-01
7.41346660000e+04	1.952080e-01	2.315762e-01
7.55214810000e+04	1.994448e-01	2.327276e-01
7.69342400000e+04	2.033680e-01	2.337056e-01
7.83734260000e+04	2.071160e-01	2.346210e-01
7.98395350000e+04	2.114792e-01	2.351112e-01
8.13330690000e+04	2.156985e-01	2.354958e-01
8.28545430000e+04	2.197182e-01	2.366411e-01
8.44044790000e+04	2.235855e-01	2.368968e-01
8.59834090000e+04	2.273613e-01	2.372468e-01
8.75918760000e+04	2.317430e-01	2.382373e-01
8.92304310000e+04	2.360594e-01	2.381408e-01
9.08996390000e+04	2.398870e-01	2.388579e-01
9.26000720000e+04	2.445400e-01	2.379226e-01
9.43323140000e+04	2.482159e-01	2.389173e-01
9.60969610000e+04	2.527424e-01	2.389418e-01
9.78946190000e+04	2.566398e-01	2.388739e-01
9.97259050000e+04	2.607245e-01	2.385889e-01
1.01591449000e+05	2.642882e-01	2.388620e-01
1.03491890000e+05	2.687612e-01	2.385861e-01
1.05427883000e+05	2.728574e-01	2.383375e-01
1.07400091000e+05	2.770742e-01	2.382371e-01
1.09409193000e+05	2.813081e-01	2.377903e-01
1.11455879000e+05	2.847597e-01	2.377254e-01
1.13540852000e+05	2.893624e-01	2.371016e-01
1.15664827000e+05	2.929910e-01	2.359534e-01
1.17828536000e+05	2.969003e-01	2.356901e-01
1.20032720000e+05	3.011885e-01	2.347426e-01
1.22278137000e+05	3.053033e-01	2.340692e-01
1.24565558000e+05	3.089692e-01	2.343844e-01
1.26895769000e+05	3.127851e-01	2.322268e-01
1.29269572000e+05	3.170265e-01	2.320400e-01
1.31687780000e+05	3.206463e-01	2.311368e-01
1.34151225000e+05	3.243382e-01	2.304256e-01
1.36660752000e+05	3.279628e-01	2.295160e-01
1.39217225000e+05	3.320577e-01	2.279778e-01
1.41821521000e+05	3.356212e-01	2.270110e-01
1.44474535000e+05	3.397610e-01	2.262302e-01
1.47177178000e+05	3.427010e-01	2.251823e-01
1.49930378000e+05	3.467783e-01	2.236570e-01
1.52735082000e+05	3.500021e-01	2.224715e-01
1.55592253000e+05	3.534720e-01	2.216474e-01
1.58502871000e+05	3.567548e-01	2.202815e-01
1.61467938000e+05	3.608165e-01	2.187453e-01
1.64488472000e+05	3.635488e-01	2.170197e-01
1.67565510000e+05	3.667874e-01	2.160250e-01
1.70700109000e+05	3.697923e-01	2.145253e-01
1.73893346000e+05	3.733293e-01	2.131013e-01
1.77146318000e+05	3.764547e-01	2.114003e-01
1.80460142000e+05	3.799650e-01	2.101257e-01
1.83835957000e+05	3.824006e-01	2.085500e-01
1.87274923000e+05	3.856537e-01	2.064596e-01
1.90778220000e+05	3.885838e-01	2.049248e-01
1.94347053000e+05	3.919579e-01	2.036887e-01
1.97982646000e+05	3.943982e-01	2.021740e-01
2.01686250000e+05	3.976648e-01	2.001653e-01
2.05459135000e+05	4.006028e-01	1.984323e-01
2.09302599000e+05	4.033583e-01	1.973095e-01
2.13217962000e+05	4.059520e-01	1.952568e-01
2.17206568000e+05	4.079340e-01	1.933459e-01
2.21269788000e+05	4.111609e-01	1.921249e-01
2.25409017000e+05	4.132257e-01	1.897642e-01
2.29625678000e+05	4.161755e-01	1.875398e-01
2.33921218000e+05	4.188327e-01	1.866371e-01
2.38297114000e+05	4.208458e-01	1.850135e-01
2.42754869000e+05	4.234570e-01	1.836387e-01
2.47296013000e+05	4.257919e-01	1.813039e-01
2.51922107000e+05	4.282621e-01	1.793834e-01
2.56634741000e+05	4.306730e-01	1.777616e-01
2.61435532000e+05	4.328506e-01	1.759427e-01
2.66326130000e+05	4.342431e-01	1.745563e-01
2.71308215000e+05	4.369695e-01	1.728041e-01
2.76383499000e+05	4.386641e-01	1.713241e-01
2.81553724000e+05	4.407545e-01	1.702785e-01
2.86820667000e+05	4.429411e-01	1.678212e-01
2.92186138000e+05	4.447019e-01	1.659226e-01
2.97651978000e+05	4.466500e-01	1.645384e-01
3.03220067000e+05	4.500882e-01	1.630249e-01
3.08892316000e+05	4.510953e-01	1.604536e-01
3.14670675000e+05	4.529339e-01	1.591581e-01
3.20557127000e+05	4.547145e-01	1.571570e-01
3.26553695000e+05	4.564849e-01	1.554896e-01
3.32662440000e+05	4.579799e-01	1.538958e-01
3.38885459000e+05	4.604383e-01	1.523617e-01
3.45224890000e+05	4.626183e-01	1.516193e-01
3.51682912000e+05	4.633048e-01	1.489040e-01
3.58261741000e+05	4.646421e-01	1.467627e-01
3.64963639000e+05	4.657253e-01	1.451624e-01
3.71790907000e+05	4.670209e-01	1.451192e-01
3.78745891000e+05	4.695756e-01	1.426944e-01
3.85830980000e+05	4.717178e-01	1.414682e-01
3.93048607000e+05	4.727028e-01	1.391355e-01
4.00401253000e+05	4.736022e-01	1.375318e-01
4.07891442000e+05	4.765669e-01	1.361244e-01
4.15521748000e+05	4.762814e-01	1.353849e-01
4.23294792000e+05	4.777981e-01	1.327658e-01
4.31213244000e+05	4.790795e-01	1.319200e-01
4.39279824000e+05	4.808380e-01	1.299203e-01
4.47497303000e+05	4.819776e-01	1.284545e-01
4.55868505000e+05	4.823411e-01	1.265806e-01
4.64396304000e+05	4.844965e-01	1.262455e-01
4.73083630000e+05	4.860739e-01	1.242569e-01
4.81933467000e+05	4.859841e-01	1.226826e-01
4.90948855000e+05	4.874800e-01	1.212813e-01
5.00132892000e+05	4.896959e-01	1.205918e-01
5.09488732000e+05	4.912471e-01	1.185940e-01
5.19019589000e+05	4.921007e-01	1.178410e-01
5.28728737000e+05	4.931073e-01	1.157434e-01
5.38619511000e+05	4.941917e-01	1.162292e-01
5.48695309000e+05	4.951316e-01	1.153724e-01
5.58959592000e+05	4.966646e-01	1.119571e-01
5.69415885000e+05	4.972610e-01	1.109642e-01
5.80067782000e+05	4.981030e-01	1.102965e-01
5.90918941000e+05	4.984398e-01	1.097479e-01
6.01973089000e+05	5.002880e-01	1.090568e-01
6.13234023000e+05	5.014929e-01	1.062662e-01
6.24705613000e+05	5.026661e-01	1.063097e-01
6.36391799000e+05	5.027090e-01	1.037346e-01
6.48296594000e+05	5.040209e-01	1.037102e-01
6.60424089000e+05	5.043513e-01	1.024556e-01
6.72778450000e+05	5.064840e-01	1.011687e-01
6.85363919000e+05	5.072511e-01	1.002142e-01
6.98184822000e+05	5.073353e-01	9.890223e-02
7.11245562000e+05	5.075585e-01	9.836876e-02
7.24550625000e+05	5.087894e-01	9.631070e-02
7.38104581000e+05	5.105712e-01	9.630312e-02
7.51912088000e+05	5.106483e-01	9.469968e-02
7.65977888000e+05	5.112115e-01	9.442127e-02
7.80306813000e+05	5.130320e-01	9.278926e-02
7.94903784000e+05	5.146807e-01	9.092589e-02
8.09773817000e+05	5.148005e-01	9.118522e-02
8.24922019000e+05	5.161771e-01	9.050809e-02
8.40353595000e+05	5.162837e-01	8.801853e-02
8.56073844000e+05	5.163226e-01	8.853270e-02
8.72088167000e+05	5.189621e-01	8.556429e-02
8.88402066000e+05	5.182592e-01	8.440978e-02
9.05021144000e+05	5.192161e-01	8.314487e-02
9.21951110000e+05	5.197983e-01	8.366673e-02
9.39197780000e+05	5.211562e-01	8.105204e-02
9.56767078000e+05	5.222391e-01	8.206224e-02
9.74665041000e+05	5.228608e-01	7.924034e-02
9.92897815000e+05	5.218745e-01	8.023606e-02
1.01147166400e+06	5.231387e-01	7.699502e-02
1.03039296900e+06	5.223929e-01	7.645056e-02
1.04966822900e+06	5.247002e-01	7.644153e-02
1.06930406600e+06	5.245302e-01	7.558915e-02
1.08930722500e+06	5.262002e-01	7.527155e-02
1.10968457700e+06	5.267072e-01	7.697872e-02
1.13044312200e+06	5.239155e-01	7.530463e-02
1.15158999200e+06	5.286822e-01	7.301660e-02
1.17313244900e+06	5.295019e-01	7.249553e-02
1.19507789500e+06	5.280424e-01	7.316204e-02
1.21743386800e+06	5.288057e-01	7.162089e-02
1.24020804800e+06	5.318789e-01	7.183431e-02
1.26340825800e+06	5.321626e-01	6.878599e-02
1.28704246700e+06	5.331785e-01	6.933618e-02
1.31111879400e+06	5.334341e-01	6.948668e-02
1.33564551100e+06	5.353762e-01	6.774251e-02
1.36063104100e+06	5.332555e-01	6.819431e-02
1.38608396800e+06	5.352731e-01	6.547691e-02
1.41201303600e+06	5.352463e-01	6.770218e-02
1.43842715200e+06	5.369026e-01	6.390003e-02
1.46533538800e+06	5.370039e-01	6.413852e-02
1.49274698900e+06	5.387036e-01	6.158911e-02
1.52067137100e+06	5.393256e-01	6.209414e-02
1.54911812600e+06	5.403271e-01	6.105844e-02
1.57809702700e+06	5.411577e-01	6.107687e-02
1.60761802700e+06	5.419976e-01	6.034780e-02
1.63769126700e+06	5.402021e-01	5.897780e-02
1.66832708000e+06	5.419025e-01	5.923583e-02
1.69953598700e+06	5.424939e-01	6.058132e-02
1.73132871000e+06	5.431862e-01	5.959807e-02
1.76371617100e+06	5.447635e-01	5.663024e-02
1.79670949400e+06	5.446089e-01	5.579943e-02
1.83032001300e+06	5.438231e-01	5.702725e-02
1.86455927500e+06	5.470072e-01	5.554583e-02
1.89943904100e+06	5.458443e-01	5.473330e-02
1.93497129200e+06	5.461025e-01	5.429045e-02
1.97116823500e+06	5.482220e-01	5.273908e-02
2.00804230300e+06	5.488607e-01	5.381186e-02
2.04560616400e+06	5.485119e-01	5.069599e-02
2.08387272100e+06	5.517658e-01	5.225075e-02
2.12285511900e+06	5.516714e-01	5.022551e-02
2.16256675000e+06	5.512689e-01	4.874111e-02
2.20302125400e+06	5.525272e-01	4.848391e-02
2.24423252900e+06	5.504553e-01	4.880828e-02
2.28621473200e+06	5.536536e-01	4.841546e-02
2.32898228300e+06	5.529148e-01	4.765349e-02
2.37254987400e+06	5.548247e-01	4.555451e-02
2.41693247200e+06	5.531868e-01	4.683226e-02
2.46214532100e+06	5.561452e-01	4.556729e-02
2.50820395400e+06	5.554329e-01	4.620499e-02
2.55512419300e+06	5.560594e-01	4.417175e-02
2.60292215500e+06	5.566619e-01	4.469527e-02
2.65161425900e+06	5.580482e-01	4.154951e-02
2.70121723300e+06	5.564334e-01	4.139572e-02
2.75174811400e+06	5.589191e-01	4.100174e-02
2.80322426300e+06	5.604882e-01	4.178037e-02
2.85566336000e+06	5.586079e-01	3.941372e-02
2.90908342000e+06	5.617161e-01	4.221022e-02
2.96350279400e+06	5.620369e-01	3.825844e-02
3.01894017500e+06	5.628620e-01	3.778413e-02
3.07541460700e+06	5.634665e-01	3.772423e-02
3.13294549000e+06	5.646921e-01	3.565507e-02
3.19155258600e+06	5.648608e-01	3.568823e-02
3.25125602800e+06	5.647351e-01	3.541851e-02
3.31207632400e+06	5.654758e-01	3.429882e-02
3.37403436900e+06	5.673449e-01	3.361209e-02
3.43715144400e+06	5.682610e-01	3.317541e-02
3.50144923200e+06	5.673046e-01	3.206108e-02
3.56694982000e+06	5.689104e-01	3.105308e-02
3.63367570800e+06	5.701068e-01	3.088587e-02
3.70164981800e+06	5.706002e-01	3.111625e-02
3.77089550000e+06	5.708210e-01	3.047617e-02
3.84143654100e+06	5.734264e-01	2.930767e-02
3.91329717200e+06	5.737541e-01	2.864184e-02
3.98650207900e+06	5.750296e-01	2.648815e-02
4.06107640900e+06	5.757837e-01	2.649569e-02
4.13704577900e+06	5.764064e-01	2.457369e-02
4.21443628600e+06	5.770793e-01	2.434954e-02
4.29327451400e+06	5.779443e-01	2.457954e-02
4.37358754600e+06	5.785614e-01	2.162069e-02
4.45540297100e+06	5.801837e-01	2.167787e-02
4.53874889300e+06	5.809389e-01	2.087958e-02
4.62365394300e+06	5.809741e-01	1.910570e-02
4.71014728600e+06	5.807868e-01	1.790936e-02
4.79825863600e+06	5.837429e-01	1.671906e-02
4.88801825800e+06	5.839632e-01	1.635285e-02
4.97945698800e+06	5.856708e-01	1.579491e-02
5.07260623500e+06	5.828958e-01	1.496735e-02
5.16749799800e+06	5.841885e-01	1.324099e-02
5.26416487400e+06	5.857906e-01	1.198056e-02
5.36264006800e+06	5.868870e-01	1.085214e-02
5.46295740900e+06	5.884919e-01	9.573750e-03
5.56515135800e+06	5.902925e-01	7.617441e-03
5.66925701900e+06	5.909255e-01	6.212179e-03
5.77531015400e+06	5.916634e-01	4.746045e-03
5.88334719300e+06	5.931979e-01	4.939877e-03
5.99340525100e+06	5.940464e-01	2.125899e-03
6.10552213200e+06	5.953699e-01	8.022079e-04
6.21973635100e+06	5.964324e-01	1.562017e-04
6.33608714200e+06	5.963159e-01	-2.389618e-03
6.45461447300e+06	5.974126e-01	-3.020167e-03
6.57535906100e+06	5.986295e-01	-4.268242e-03
6.69836238200e+06	6.009742e-01	-5.672339e-03
6.82366669000e+06	5.995708e-01	-8.086371e-03
6.95131503000e+06	6.014303e-01	-9.882350e-03
7.08135124900e+06	6.031219e-01	-1.089735e-02
7.21382001800e+06	6.032497e-01	-1.131463e-02
7.34876684200e+06	6.049598e-01	-1.329630e-02
7.48623807700e+06	6.049533e-01	-1.596512e-02
7.62628094600e+06	6.077439e-01	-1.712522e-02
7.76894355600e+06	6.077690e-01	-2.087854e-02
7.91427491300e+06	6.084794e-01	-2.178749e-02
8.06232494200e+06	6.098514e-01	-2.453986e-02
8.21314450000e+06	6.107072e-01	-2.587561e-02
8.36678539400e+06	6.122574e-01	-2.763087e-02
8.52330040500e+06	6.132588e-01	-2.912846e-02
8.68274329600e+06	6.129889e-01	-3.195985e-02
8.84516883800e+06	6.159643e-01	-3.533744e-02
9.01063282800e+06	6.162278e-01	-3.772564e-02
9.17919210400e+06	6.191824e-01	-4.017871e-02
9.35090456900e+06	6.178958e-01	-4.350844e-02
9.52582920900e+06	6.206671e-01	-4.484162e-02
9.70402611300e+06	6.203386e-01	-4.740928e-02
9.88555649500e+06	6.208094e-01	-4.960319e-02
1.00704827130e+07	6.211899e-01	-5.295620e-02
1.02588682910e+07	6.234635e-01	-5.611942e-02
1.04507779430e+07	6.228532e-01	-5.854418e-02
1.06462775940e+07	6.244925e-01	-6.255082e-02
1.08454343980e+07	6.250552e-01	-6.587794e-02
1.10483167720e+07	6.267455e-01	-6.733427e-02
1.12549944060e+07	6.279562e-01	-7.051225e-02
1.14655382990e+07	6.274479e-01	-7.622873e-02
1.16800207740e+07	6.282640e-01	-7.918434e-02
1.18985155110e+07	6.288099e-01	-8.448157e-02
1.21210975650e+07	6.279416e-01	-8.571132e-02
1.23478433960e+07	6.295847e-01	-9.176852e-02
1.25788308950e+07	6.309574e-01	-9.576829e-02
1.28141394100e+07	6.305598e-01	-9.917437e-02
1.30538497730e+07	6.293062e-01	-1.038753e-01
1.32980443270e+07	6.311266e-01	-1.087907e-01
1.35468069580e+07	6.324443e-01	-1.120902e-01
1.38002231190e+07	6.305144e-01	-1.180607e-01
1.40583798610e+07	6.321508e-01	-1.240258e-01
1.43213658660e+07	6.327568e-01	-1.273150e-01
1.45892714740e+07	6.311941e-01	-1.310005e-01
1.48621887140e+07	6.321211e-01	-1.341437e-01
1.51402113360e+07	6.320691e-01	-1.402353e-01
1.54234348470e+07	6.348133e-01	-1.443832e-01
1.57119565370e+07	6.317298e-01	-1.491213e-01
1.60058755190e+07	6.306576e-01	-1.543239e-01
1.63052927560e+07	6.287000e-01	-1.603263e-01
1.66103111050e+07	6.300187e-01	-1.664600e-01
1.69210353420e+07	6.307464e-01	-1.715805e-01
1.72375722070e+07	6.258685e-01	-1.765747e-01
1.75600304350e+07	6.259512e-01	-1.812111e-01
1.78885207950e+07	6.248875e-01	-1.876661e-01
1.82231561280e+07	6.237054e-01	-1.946468e-01
1.85640513860e+07	6.209038e-01	-2.012849e-01
1.89113236730e+07	6.190245e-01	-2.062917e-01
1.92650922800e+07	6.173480e-01	-2.124144e-01
1.96254787340e+07	6.152344e-01	-2.177361e-01
1.99926068310e+07	6.127946e-01	-2.255685e-01
2.03666026870e+07	6.102262e-01	-2.317141e-01
2.07475947740e+07	6.076957e-01	-2.356935e-01
2.11357139690e+07	6.044511e-01	-2.439499e-01
2.15310935960e+07	6.006953e-01	-2.485014e-01
2.19338694740e+07	5.966552e-01	-2.568532e-01
2.23441799630e+07	5.930324e-01	-2.629412e-01
2.27621660100e+07	5.887485e-01	-2.688224e-01
2.31879712010e+07	5.841967e-01	-2.785031e-01
2.36217418040e+07	5.796553e-01	-2.844025e-01
2.40636268280e+07	5.765445e-01	-2.908999e-01
2.45137780650e+07	5.698911e-01	-2.949409e-01
2.49723501510e+07	5.659772e-01	-3.015825e-01
2.54395006100e+07	5.582983e-01	-3.068630e-01
2.59153899160e+07	5.521944e-01	-3.143035e-01
2.64001815450e+07	5.464071e-01	-3.210126e-01
2.68940420290e+07	5.390478e-01	-3.246613e-01
2.73971410170e+07	5.317218e-01	-3.296178e-01
2.79096513310e+07	5.265474e-01	-3.360595e-01
2.84317490250e+07	5.185335e-01	-3.429831e-01
2.89636134490e+07	5.120024e-01	-3.482653e-01
2.95054273050e+07	5.030429e-01	-3.547296e-01
3.00573767140e+07	4.968570e-01	-3.607303e-01
3.06196512800e+07	4.882179e-01	-3.637694e-01
3.11924441520e+07	4.795094e-01	-3.686732e-01
3.17759520930e+07	4.705436e-01	-3.723179e-01
3.23703755460e+07	4.637384e-01	-3.761337e-01
3.29759187060e+07	4.542528e-01	-3.803461e-01
3.35927895840e+07	4.453688e-01	-3.831247e-01
3.42212000850e+07	4.354206e-01	-3.862680e-01
3.48613660790e+07	4.270246e-01	-3.907265e-01
3.55135074700e+07	4.186039e-01	-3.924526e-01
3.61778482800e+07	4.081468e-01	-3.943308e-01
3.68546167200e+07	3.989046e-01	-3.974169e-01
3.75440452690e+07	3.882837e-01	-4.001132e-01
3.82463707560e+07	3.787369e-01	-4.001264e-01
3.89618344410e+07	3.679564e-01	-4.009669e-01
3.96906820970e+07	3.601967e-01	-4.039516e-01
4.04331640920e+07	3.479763e-01	-4.030257e-01
4.11895354820e+07	3.401431e-01	-4.036987e-01
4.19600560900e+07	3.313485e-01	-4.021789e-01
4.27449906010e+07	3.215944e-01	-4.018655e-01
4.35446086540e+07	3.110046e-01	-4.022295e-01
4.43591849280e+07	3.018652e-01	-4.003925e-01
4.51889992420e+07	2.920218e-01	-4.011128e-01
4.60343366500e+07	2.838683e-01	-3.991377e-01
4.68954875380e+07	2.745120e-01	-3.965895e-01
4.77727477250e+07	2.658709e-01	-3.937095e-01
4.86664185610e+07	2.558962e-01	-3.923560e-01
4.95768070360e+07	2.468085e-01	-3.913355e-01
5.05042258830e+07	2.395293e-01	-3.879884e-01
5.14489936840e+07	2.312291e-01	-3.830014e-01
5.24114349790e+07	2.233163e-01	-3.809247e-01
5.33918803830e+07	2.145364e-01	-3.785334e-01
5.43906666920e+07	2.072701e-01	-3.751577e-01
5.54081370050e+07	1.990348e-01	-3.709209e-01
5.64446408380e+07	1.912883e-01	-3.673139e-01
5.75005342460e+07	1.849477e-01	-3.635295e-01
5.85761799430e+07	1.776256e-01	-3.590989e-01
5.96719474300e+07	1.700363e-01	-3.552196e-01
6.07882131190e+07	1.638012e-01	-3.507862e-01
6.19253604650e+07	1.580781e-01	-3.468857e-01
6.30837800930e+07	1.517302e-01	-3.423640e-01
6.42638699390e+07	1.461162e-01	-3.376350e-01
6.54660353810e+07	1.400438e-01	-3.332838e-01
6.66906893810e+07	1.341388e-01	-3.295897e-01
6.79382526260e+07	1.292588e-01	-3.242459e-01
6.92091536720e+07	1.236111e-01	-3.198353e-01
7.05038290920e+07	1.187930e-01	-3.151467e-01
7.18227236270e+07	1.133546e-01	-3.104459e-01
7.31662903370e+07	1.091303e-01	-3.059327e-01
7.45349907570e+07	1.043067e-01	-3.011557e-01
7.59292950560e+07	9.994608e-02	-2.965945e-01
7.73496821980e+07	9.608977e-02	-2.917643e-01
7.87966401080e+07	9.134676e-02	-2.869281e-01
8.02706658360e+07	8.800187e-02	-2.825879e-01
8.17722657330e+07	8.485290e-02	-2.777244e-01
8.33019556210e+07	8.035405e-02	-2.730227e-01
8.48602609700e+07	7.741370e-02	-2.686384e-01
8.64477170830e+07	7.405160e-02	-2.636246e-01
8.80648692730e+07	7.061825e-02	-2.592199e-01
8.97122730570e+07	6.812634e-02	-2.551756e-01
9.13904943420e+07	6.522848e-02	-2.504282e-01
9.31001096230e+07	6.236843e-02	-2.461812e-01
9.48417061770e+07	5.975649e-02	-2.419623e-01
9.66158822700e+07	5.734605e-02	-2.377794e-01
9.84232473560e+07	5.517609e-02	-2.334894e-01
1.00264422293e+08	5.241858e-02	-2.292915e-01
1.02140039551e+08	5.026742e-02	-2.253937e-01
1.04050743434e+08	4.812064e-02	-2.213742e-01
1.05997190296e+08	4.605658e-02	-2.172205e-01
1.07980048771e+08	4.403260e-02	-2.134773e-01
1.10000000000e+08	4.214144e-02	-2.094851e-01
