4294A REV1.11
"DATE:     38 -100"


"MEASURE PARAMETER: Cs - Rs"
"ADAPTER: NONE"
"SWEEP TYPE: LOG FREQ"
"NUMBER of POINTS: 201"
"POINT DELAY TIME:  0 Sec"
"SWEEP DELAY TIME:  0 Sec"
"OSC LEVEL:  10 mVolt"
"DC BIAS:  5 Volt"
"BW: 2"
"SWEEP AVERAGING: OFF"
"POINT AVERAGING: OFF"


"TRACE: A"
"FORMAT: LINEAR"

"Frequency"	"Data Trace Real"	"Data Trace Imag"
4.00000000000e+01	2.419516e-06	0.000000e+00
4.24170000000e+01	2.417090e-06	0.000000e+00
4.49810000000e+01	2.415432e-06	0.000000e+00
4.76990000000e+01	2.411432e-06	0.000000e+00
5.05820000000e+01	2.410234e-06	0.000000e+00
5.36390000000e+01	2.409394e-06	0.000000e+00
5.68810000000e+01	2.406650e-06	0.000000e+00
6.03190000000e+01	2.406000e-06	0.000000e+00
6.39640000000e+01	2.400472e-06	0.000000e+00
6.78300000000e+01	2.401661e-06	0.000000e+00
7.19290000000e+01	2.398753e-06	0.000000e+00
7.62760000000e+01	2.397465e-06	0.000000e+00
8.08860000000e+01	2.394281e-06	0.000000e+00
8.57750000000e+01	2.394982e-06	0.000000e+00
9.09590000000e+01	2.390742e-06	0.000000e+00
9.64560000000e+01	2.391012e-06	0.000000e+00
1.02285000000e+02	2.387749e-06	0.000000e+00
1.08467000000e+02	2.386414e-06	0.000000e+00
1.15022000000e+02	2.384027e-06	0.000000e+00
1.21974000000e+02	2.382985e-06	0.000000e+00
1.29345000000e+02	2.379900e-06	0.000000e+00
1.37163000000e+02	2.377077e-06	0.000000e+00
1.45452000000e+02	2.375414e-06	0.000000e+00
1.54243000000e+02	2.373294e-06	0.000000e+00
1.63565000000e+02	2.370723e-06	0.000000e+00
1.73450000000e+02	2.367691e-06	0.000000e+00
1.83932000000e+02	2.366573e-06	0.000000e+00
1.95049000000e+02	2.365715e-06	0.000000e+00
2.06837000000e+02	2.366097e-06	0.000000e+00
2.19337000000e+02	2.362003e-06	0.000000e+00
2.32593000000e+02	2.361051e-06	0.000000e+00
2.46650000000e+02	2.356283e-06	0.000000e+00
2.61557000000e+02	2.355305e-06	0.000000e+00
2.77364000000e+02	2.354152e-06	0.000000e+00
2.94127000000e+02	2.353147e-06	0.000000e+00
3.11903000000e+02	2.349495e-06	0.000000e+00
3.30753000000e+02	2.347370e-06	0.000000e+00
3.50742000000e+02	2.345806e-06	0.000000e+00
3.71940000000e+02	2.341871e-06	0.000000e+00
3.94419000000e+02	2.339249e-06	0.000000e+00
4.18256000000e+02	2.339474e-06	0.000000e+00
4.43534000000e+02	2.337189e-06	0.000000e+00
4.70339000000e+02	2.338521e-06	0.000000e+00
4.98765000000e+02	2.331155e-06	0.000000e+00
5.28908000000e+02	2.332318e-06	0.000000e+00
5.60873000000e+02	2.327454e-06	0.000000e+00
5.94770000000e+02	2.326434e-06	0.000000e+00
6.30716000000e+02	2.326495e-06	0.000000e+00
6.68834000000e+02	2.319320e-06	0.000000e+00
7.09256000000e+02	2.316788e-06	0.000000e+00
7.52121000000e+02	2.314147e-06	0.000000e+00
7.97576000000e+02	2.311091e-06	0.000000e+00
8.45778000000e+02	2.306276e-06	0.000000e+00
8.96894000000e+02	2.307701e-06	0.000000e+00
9.51099000000e+02	2.301917e-06	0.000000e+00
1.00858000000e+03	2.300293e-06	0.000000e+00
1.06953400000e+03	2.300419e-06	0.000000e+00
1.13417300000e+03	2.298516e-06	0.000000e+00
1.20271800000e+03	2.298905e-06	0.000000e+00
1.27540600000e+03	2.291659e-06	0.000000e+00
1.35248700000e+03	2.284418e-06	0.000000e+00
1.43422600000e+03	2.283662e-06	0.000000e+00
1.52090500000e+03	2.279966e-06	0.000000e+00
1.61282300000e+03	2.273248e-06	0.000000e+00
1.71029600000e+03	2.270837e-06	0.000000e+00
1.81365900000e+03	2.266418e-06	0.000000e+00
1.92327000000e+03	2.264721e-06	0.000000e+00
2.03950500000e+03	2.264276e-06	0.000000e+00
2.16276500000e+03	2.258229e-06	0.000000e+00
2.29347500000e+03	2.256638e-06	0.000000e+00
2.43208400000e+03	2.249825e-06	0.000000e+00
2.57907000000e+03	2.237015e-06	0.000000e+00
2.73493900000e+03	2.243141e-06	0.000000e+00
2.90022800000e+03	2.233463e-06	0.000000e+00
3.07550700000e+03	2.228619e-06	0.000000e+00
3.26137900000e+03	2.222920e-06	0.000000e+00
3.45848400000e+03	2.219849e-06	0.000000e+00
3.66750200000e+03	2.215962e-06	0.000000e+00
3.88915200000e+03	2.210656e-06	0.000000e+00
4.12419700000e+03	2.207582e-06	0.000000e+00
4.37344800000e+03	2.207963e-06	0.000000e+00
4.63776300000e+03	2.197971e-06	0.000000e+00
4.91805200000e+03	2.201417e-06	0.000000e+00
5.21528000000e+03	2.179984e-06	0.000000e+00
5.53047200000e+03	2.173251e-06	0.000000e+00
5.86471300000e+03	2.175336e-06	0.000000e+00
6.21915400000e+03	2.169513e-06	0.000000e+00
6.59501600000e+03	2.161053e-06	0.000000e+00
6.99359400000e+03	2.154533e-06	0.000000e+00
7.41626000000e+03	2.156086e-06	0.000000e+00
7.86447100000e+03	2.147096e-06	0.000000e+00
8.33976900000e+03	2.134908e-06	0.000000e+00
8.84379400000e+03	2.136873e-06	0.000000e+00
9.37827900000e+03	2.127778e-06	0.000000e+00
9.94506700000e+03	2.115283e-06	0.000000e+00
1.05461090000e+04	2.129461e-06	0.000000e+00
1.11834760000e+04	2.110681e-06	0.000000e+00
1.18593630000e+04	2.106289e-06	0.000000e+00
1.25760980000e+04	2.105354e-06	0.000000e+00
1.33361490000e+04	2.101380e-06	0.000000e+00
1.41421360000e+04	2.091835e-06	0.000000e+00
1.49968330000e+04	2.096397e-06	0.000000e+00
1.59031850000e+04	2.083017e-06	0.000000e+00
1.68643130000e+04	2.077234e-06	0.000000e+00
1.78835280000e+04	2.077497e-06	0.000000e+00
1.89643410000e+04	2.072295e-06	0.000000e+00
2.01104740000e+04	2.064490e-06	0.000000e+00
2.13258740000e+04	2.059903e-06	0.000000e+00
2.26147300000e+04	2.058561e-06	0.000000e+00
2.39814780000e+04	2.047669e-06	0.000000e+00
2.54308280000e+04	2.047199e-06	0.000000e+00
2.69677710000e+04	2.036867e-06	0.000000e+00
2.85976010000e+04	2.033714e-06	0.000000e+00
3.03259310000e+04	2.025252e-06	0.000000e+00
3.21587160000e+04	2.021200e-06	0.000000e+00
3.41022670000e+04	2.021447e-06	0.000000e+00
3.61632790000e+04	2.011820e-06	0.000000e+00
3.83488500000e+04	2.009423e-06	0.000000e+00
4.06665100000e+04	2.001659e-06	0.000000e+00
4.31242390000e+04	1.993165e-06	0.000000e+00
4.57305050000e+04	1.992693e-06	0.000000e+00
4.84942840000e+04	1.985545e-06	0.000000e+00
5.14250950000e+04	1.980916e-06	0.000000e+00
5.45330330000e+04	1.965965e-06	0.000000e+00
5.78288030000e+04	1.969091e-06	0.000000e+00
6.13237560000e+04	1.962499e-06	0.000000e+00
6.50299320000e+04	1.955007e-06	0.000000e+00
6.89600950000e+04	1.951504e-06	0.000000e+00
7.31277820000e+04	1.941503e-06	0.000000e+00
7.75473480000e+04	1.939621e-06	0.000000e+00
8.22340160000e+04	1.928889e-06	0.000000e+00
8.72039280000e+04	1.927374e-06	0.000000e+00
9.24742040000e+04	1.926033e-06	0.000000e+00
9.80629940000e+04	1.916017e-06	0.000000e+00
1.03989550000e+05	1.911474e-06	0.000000e+00
1.10274285000e+05	1.914729e-06	0.000000e+00
1.16938845000e+05	1.901649e-06	0.000000e+00
1.24006186000e+05	1.901387e-06	0.000000e+00
1.31500650000e+05	1.902295e-06	0.000000e+00
1.39448052000e+05	1.890414e-06	0.000000e+00
1.47875764000e+05	1.884639e-06	0.000000e+00
1.56812815000e+05	1.881041e-06	0.000000e+00
1.66289987000e+05	1.880974e-06	0.000000e+00
1.76339925000e+05	1.872435e-06	0.000000e+00
1.86997242000e+05	1.881922e-06	0.000000e+00
1.98298647000e+05	1.874847e-06	0.000000e+00
2.10283066000e+05	1.877469e-06	0.000000e+00
2.22991778000e+05	1.863149e-06	0.000000e+00
2.36468557000e+05	1.876233e-06	0.000000e+00
2.50759821000e+05	1.885074e-06	0.000000e+00
2.65914795000e+05	1.880197e-06	0.000000e+00
2.81985678000e+05	1.908690e-06	0.000000e+00
2.99027824000e+05	1.907567e-06	0.000000e+00
3.17099934000e+05	1.961389e-06	0.000000e+00
3.36264253000e+05	1.947655e-06	0.000000e+00
3.56586791000e+05	1.945951e-06	0.000000e+00
3.78137546000e+05	1.994107e-06	0.000000e+00
4.00990747000e+05	2.010697e-06	0.000000e+00
4.25225109000e+05	2.046937e-06	0.000000e+00
4.50924105000e+05	2.065448e-06	0.000000e+00
4.78176250000e+05	2.033298e-06	0.000000e+00
5.07075412000e+05	2.157013e-06	0.000000e+00
5.37721129000e+05	2.161898e-06	0.000000e+00
5.70218958000e+05	2.299679e-06	0.000000e+00
6.04680832000e+05	2.350234e-06	0.000000e+00
6.41225452000e+05	2.580308e-06	0.000000e+00
6.79978689000e+05	2.618617e-06	0.000000e+00
7.21074026000e+05	2.809424e-06	0.000000e+00
7.64653010000e+05	3.012063e-06	0.000000e+00
8.10865742000e+05	3.694306e-06	0.000000e+00
8.59871396000e+05	4.545275e-06	0.000000e+00
9.11838767000e+05	4.863543e-06	0.000000e+00
9.66946849000e+05	7.051816e-06	0.000000e+00
1.02538545500e+06	8.895609e-06	0.000000e+00
1.08735586800e+06	4.431706e-05	0.000000e+00
1.15307153900e+06	-9.401592e-06	0.000000e+00
1.22275881600e+06	-1.060707e-05	0.000000e+00
1.29665772800e+06	-5.499234e-06	0.000000e+00
1.37502281100e+06	-3.258937e-06	0.000000e+00
1.45812398200e+06	-2.258990e-06	0.000000e+00
1.54624747400e+06	-1.941699e-06	0.000000e+00
1.63969681500e+06	-1.561912e-06	0.000000e+00
1.73879388100e+06	-1.199389e-06	0.000000e+00
1.84387999800e+06	-1.066098e-06	0.000000e+00
1.95531712200e+06	-9.109762e-07	0.000000e+00
2.07348908400e+06	-7.244394e-07	0.000000e+00
2.19880291200e+06	-6.516263e-07	0.000000e+00
2.33169023300e+06	-5.337177e-07	0.000000e+00
2.47260876000e+06	-4.658870e-07	0.000000e+00
2.62204387000e+06	-4.164396e-07	0.000000e+00
2.78051027100e+06	-3.626673e-07	0.000000e+00
2.94855378200e+06	-3.233448e-07	0.000000e+00
3.12675320600e+06	-2.751439e-07	0.000000e+00
3.31572232800e+06	-2.423313e-07	0.000000e+00
3.51611202900e+06	-2.136492e-07	0.000000e+00
3.72861252400e+06	-1.862347e-07	0.000000e+00
3.95395574500e+06	-1.664972e-07	0.000000e+00
4.19291785600e+06	-1.472315e-07	0.000000e+00
4.44632193200e+06	-1.308357e-07	0.000000e+00
4.71504079100e+06	-1.156680e-07	0.000000e+00
5.00000000000e+06	-1.040672e-07	0.000000e+00


"TRACE: B"
"FORMAT: LINEAR"

"Frequency"	"Data Trace Real"	"Data Trace Imag"
4.00000000000e+01	4.619036e+01	0.000000e+00
4.24170000000e+01	4.435339e+01	0.000000e+00
4.49810000000e+01	4.173553e+01	0.000000e+00
4.76990000000e+01	3.803282e+01	0.000000e+00
5.05820000000e+01	3.566022e+01	0.000000e+00
5.36390000000e+01	3.233588e+01	0.000000e+00
5.68810000000e+01	3.238276e+01	0.000000e+00
6.03190000000e+01	2.934912e+01	0.000000e+00
6.39640000000e+01	2.738028e+01	0.000000e+00
6.78300000000e+01	2.589432e+01	0.000000e+00
7.19290000000e+01	2.520485e+01	0.000000e+00
7.62760000000e+01	2.289629e+01	0.000000e+00
8.08860000000e+01	2.122714e+01	0.000000e+00
8.57750000000e+01	2.164921e+01	0.000000e+00
9.09590000000e+01	1.923800e+01	0.000000e+00
9.64560000000e+01	1.864606e+01	0.000000e+00
1.02285000000e+02	1.700903e+01	0.000000e+00
1.08467000000e+02	1.697229e+01	0.000000e+00
1.15022000000e+02	1.522873e+01	0.000000e+00
1.21974000000e+02	1.453064e+01	0.000000e+00
1.29345000000e+02	1.419964e+01	0.000000e+00
1.37163000000e+02	1.342786e+01	0.000000e+00
1.45452000000e+02	1.251829e+01	0.000000e+00
1.54243000000e+02	1.213066e+01	0.000000e+00
1.63565000000e+02	1.107118e+01	0.000000e+00
1.73450000000e+02	1.055562e+01	0.000000e+00
1.83932000000e+02	1.009241e+01	0.000000e+00
1.95049000000e+02	1.004495e+01	0.000000e+00
2.06837000000e+02	9.678324e+00	0.000000e+00
2.19337000000e+02	9.093920e+00	0.000000e+00
2.32593000000e+02	8.475183e+00	0.000000e+00
2.46650000000e+02	8.232519e+00	0.000000e+00
2.61557000000e+02	7.760754e+00	0.000000e+00
2.77364000000e+02	7.606517e+00	0.000000e+00
2.94127000000e+02	7.028620e+00	0.000000e+00
3.11903000000e+02	6.879992e+00	0.000000e+00
3.30753000000e+02	6.380600e+00	0.000000e+00
3.50742000000e+02	6.098949e+00	0.000000e+00
3.71940000000e+02	6.178679e+00	0.000000e+00
3.94419000000e+02	5.775130e+00	0.000000e+00
4.18256000000e+02	5.582720e+00	0.000000e+00
4.43534000000e+02	5.244673e+00	0.000000e+00
4.70339000000e+02	5.327592e+00	0.000000e+00
4.98765000000e+02	5.141120e+00	0.000000e+00
5.28908000000e+02	5.005786e+00	0.000000e+00
5.60873000000e+02	4.718726e+00	0.000000e+00
5.94770000000e+02	4.697040e+00	0.000000e+00
6.30716000000e+02	4.409216e+00	0.000000e+00
6.68834000000e+02	4.337444e+00	0.000000e+00
7.09256000000e+02	4.123037e+00	0.000000e+00
7.52121000000e+02	3.974651e+00	0.000000e+00
7.97576000000e+02	3.910725e+00	0.000000e+00
8.45778000000e+02	3.587658e+00	0.000000e+00
8.96894000000e+02	3.700952e+00	0.000000e+00
9.51099000000e+02	3.550135e+00	0.000000e+00
1.00858000000e+03	3.318697e+00	0.000000e+00
1.06953400000e+03	3.389946e+00	0.000000e+00
1.13417300000e+03	3.412649e+00	0.000000e+00
1.20271800000e+03	3.251419e+00	0.000000e+00
1.27540600000e+03	3.161329e+00	0.000000e+00
1.35248700000e+03	3.089155e+00	0.000000e+00
1.43422600000e+03	3.055194e+00	0.000000e+00
1.52090500000e+03	2.911400e+00	0.000000e+00
1.61282300000e+03	2.828643e+00	0.000000e+00
1.71029600000e+03	2.842717e+00	0.000000e+00
1.81365900000e+03	2.596807e+00	0.000000e+00
1.92327000000e+03	2.748206e+00	0.000000e+00
2.03950500000e+03	2.629621e+00	0.000000e+00
2.16276500000e+03	2.562436e+00	0.000000e+00
2.29347500000e+03	2.412607e+00	0.000000e+00
2.43208400000e+03	2.364531e+00	0.000000e+00
2.57907000000e+03	2.319402e+00	0.000000e+00
2.73493900000e+03	2.310182e+00	0.000000e+00
2.90022800000e+03	2.220338e+00	0.000000e+00
3.07550700000e+03	2.169869e+00	0.000000e+00
3.26137900000e+03	2.122578e+00	0.000000e+00
3.45848400000e+03	2.026037e+00	0.000000e+00
3.66750200000e+03	1.970614e+00	0.000000e+00
3.88915200000e+03	1.945984e+00	0.000000e+00
4.12419700000e+03	1.913150e+00	0.000000e+00
4.37344800000e+03	1.871328e+00	0.000000e+00
4.63776300000e+03	1.824826e+00	0.000000e+00
4.91805200000e+03	1.748809e+00	0.000000e+00
5.21528000000e+03	1.684579e+00	0.000000e+00
5.53047200000e+03	1.676778e+00	0.000000e+00
5.86471300000e+03	1.661839e+00	0.000000e+00
6.21915400000e+03	1.634900e+00	0.000000e+00
6.59501600000e+03	1.604478e+00	0.000000e+00
6.99359400000e+03	1.559460e+00	0.000000e+00
7.41626000000e+03	1.505945e+00	0.000000e+00
7.86447100000e+03	1.486151e+00	0.000000e+00
8.33976900000e+03	1.432213e+00	0.000000e+00
8.84379400000e+03	1.446724e+00	0.000000e+00
9.37827900000e+03	1.382897e+00	0.000000e+00
9.94506700000e+03	1.363077e+00	0.000000e+00
1.05461090000e+04	1.343122e+00	0.000000e+00
1.11834760000e+04	1.332670e+00	0.000000e+00
1.18593630000e+04	1.289550e+00	0.000000e+00
1.25760980000e+04	1.283873e+00	0.000000e+00
1.33361490000e+04	1.246575e+00	0.000000e+00
1.41421360000e+04	1.238076e+00	0.000000e+00
1.49968330000e+04	1.214181e+00	0.000000e+00
1.59031850000e+04	1.199639e+00	0.000000e+00
1.68643130000e+04	1.193995e+00	0.000000e+00
1.78835280000e+04	1.160924e+00	0.000000e+00
1.89643410000e+04	1.171848e+00	0.000000e+00
2.01104740000e+04	1.140284e+00	0.000000e+00
2.13258740000e+04	1.133996e+00	0.000000e+00
2.26147300000e+04	1.124719e+00	0.000000e+00
2.39814780000e+04	1.116468e+00	0.000000e+00
2.54308280000e+04	1.097018e+00	0.000000e+00
2.69677710000e+04	1.090251e+00	0.000000e+00
2.85976010000e+04	1.083748e+00	0.000000e+00
3.03259310000e+04	1.070134e+00	0.000000e+00
3.21587160000e+04	1.064776e+00	0.000000e+00
3.41022670000e+04	1.057414e+00	0.000000e+00
3.61632790000e+04	1.048222e+00	0.000000e+00
3.83488500000e+04	1.039571e+00	0.000000e+00
4.06665100000e+04	1.033748e+00	0.000000e+00
4.31242390000e+04	1.026355e+00	0.000000e+00
4.57305050000e+04	1.018600e+00	0.000000e+00
4.84942840000e+04	1.012842e+00	0.000000e+00
5.14250950000e+04	1.007269e+00	0.000000e+00
5.45330330000e+04	9.967256e-01	0.000000e+00
5.78288030000e+04	9.934015e-01	0.000000e+00
6.13237560000e+04	9.861002e-01	0.000000e+00
6.50299320000e+04	9.826069e-01	0.000000e+00
6.89600950000e+04	9.790931e-01	0.000000e+00
7.31277820000e+04	9.719638e-01	0.000000e+00
7.75473480000e+04	9.680593e-01	0.000000e+00
8.22340160000e+04	9.622418e-01	0.000000e+00
8.72039280000e+04	9.578230e-01	0.000000e+00
9.24742040000e+04	9.518192e-01	0.000000e+00
9.80629940000e+04	9.493787e-01	0.000000e+00
1.03989550000e+05	9.483562e-01	0.000000e+00
1.10274285000e+05	9.419999e-01	0.000000e+00
1.16938845000e+05	9.399723e-01	0.000000e+00
1.24006186000e+05	9.364150e-01	0.000000e+00
1.31500650000e+05	9.376191e-01	0.000000e+00
1.39448052000e+05	9.272400e-01	0.000000e+00
1.47875764000e+05	9.277724e-01	0.000000e+00
1.56812815000e+05	9.251280e-01	0.000000e+00
1.66289987000e+05	9.184108e-01	0.000000e+00
1.76339925000e+05	9.187686e-01	0.000000e+00
1.86997242000e+05	9.156982e-01	0.000000e+00
1.98298647000e+05	9.111356e-01	0.000000e+00
2.10283066000e+05	9.106522e-01	0.000000e+00
2.22991778000e+05	9.082673e-01	0.000000e+00
2.36468557000e+05	9.082686e-01	0.000000e+00
2.50759821000e+05	9.053952e-01	0.000000e+00
2.65914795000e+05	9.055060e-01	0.000000e+00
2.81985678000e+05	9.007192e-01	0.000000e+00
2.99027824000e+05	9.003552e-01	0.000000e+00
3.17099934000e+05	9.013780e-01	0.000000e+00
3.36264253000e+05	8.983173e-01	0.000000e+00
3.56586791000e+05	8.949381e-01	0.000000e+00
3.78137546000e+05	8.961170e-01	0.000000e+00
4.00990747000e+05	8.925093e-01	0.000000e+00
4.25225109000e+05	8.921443e-01	0.000000e+00
4.50924105000e+05	8.930031e-01	0.000000e+00
4.78176250000e+05	8.901181e-01	0.000000e+00
5.07075412000e+05	8.892452e-01	0.000000e+00
5.37721129000e+05	8.908720e-01	0.000000e+00
5.70218958000e+05	8.889856e-01	0.000000e+00
6.04680832000e+05	8.874159e-01	0.000000e+00
6.41225452000e+05	8.858770e-01	0.000000e+00
6.79978689000e+05	8.825393e-01	0.000000e+00
7.21074026000e+05	8.833672e-01	0.000000e+00
7.64653010000e+05	8.852614e-01	0.000000e+00
8.10865742000e+05	8.825431e-01	0.000000e+00
8.59871396000e+05	8.843428e-01	0.000000e+00
9.11838767000e+05	8.860281e-01	0.000000e+00
9.66946849000e+05	8.869981e-01	0.000000e+00
1.02538545500e+06	8.842708e-01	0.000000e+00
1.08735586800e+06	8.853357e-01	0.000000e+00
1.15307153900e+06	8.843534e-01	0.000000e+00
1.22275881600e+06	8.836385e-01	0.000000e+00
1.29665772800e+06	8.830546e-01	0.000000e+00
1.37502281100e+06	8.868601e-01	0.000000e+00
1.45812398200e+06	8.878745e-01	0.000000e+00
1.54624747400e+06	8.885940e-01	0.000000e+00
1.63969681500e+06	8.931000e-01	0.000000e+00
1.73879388100e+06	8.897761e-01	0.000000e+00
1.84387999800e+06	8.900495e-01	0.000000e+00
1.95531712200e+06	8.964777e-01	0.000000e+00
2.07348908400e+06	8.919833e-01	0.000000e+00
2.19880291200e+06	8.956130e-01	0.000000e+00
2.33169023300e+06	9.011459e-01	0.000000e+00
2.47260876000e+06	9.029014e-01	0.000000e+00
2.62204387000e+06	8.981615e-01	0.000000e+00
2.78051027100e+06	9.031087e-01	0.000000e+00
2.94855378200e+06	9.048860e-01	0.000000e+00
3.12675320600e+06	9.056954e-01	0.000000e+00
3.31572232800e+06	9.055574e-01	0.000000e+00
3.51611202900e+06	9.079467e-01	0.000000e+00
3.72861252400e+06	9.090321e-01	0.000000e+00
3.95395574500e+06	9.125767e-01	0.000000e+00
4.19291785600e+06	9.150058e-01	0.000000e+00
4.44632193200e+06	9.155051e-01	0.000000e+00
4.71504079100e+06	9.166676e-01	0.000000e+00
5.00000000000e+06	9.219600e-01	0.000000e+00
