4294A REV1.11
"DATE:     38 -100"


"MEASURE PARAMETER: IMPEDANCE - ADMITTANCE"
"ADAPTER: NONE"
"SWEEP TYPE: LOG FREQ"
"NUMBER of POINTS: 201"
"POINT DELAY TIME:  0 Sec"
"SWEEP DELAY TIME:  0 Sec"
"OSC LEVEL:  10 mVolt"
"DC BIAS:  5 Volt"
"BW: 2"
"SWEEP AVERAGING: OFF"
"POINT AVERAGING: OFF"


"TRACE: A"

"Frequency"	"Data Trace Real"	"Data Trace Imag"
4.00000000000e+01	4.735472e+01	-1.644679e+03
4.24170000000e+01	4.482159e+01	-1.552212e+03
4.49810000000e+01	4.116954e+01	-1.464973e+03
4.76990000000e+01	3.940297e+01	-1.384165e+03
5.05820000000e+01	3.613081e+01	-1.305421e+03
5.36390000000e+01	3.212311e+01	-1.232773e+03
5.68810000000e+01	3.265337e+01	-1.162935e+03
6.03190000000e+01	2.982088e+01	-1.098014e+03
6.39640000000e+01	2.816503e+01	-1.035521e+03
6.78300000000e+01	2.550055e+01	-9.780505e+02
7.19290000000e+01	2.407420e+01	-9.223833e+02
7.62760000000e+01	2.302174e+01	-8.711042e+02
8.08860000000e+01	2.181613e+01	-8.213949e+02
8.57750000000e+01	2.077449e+01	-7.758876e+02
9.09590000000e+01	1.946072e+01	-7.322472e+02
9.64560000000e+01	1.841219e+01	-6.909545e+02
1.02285000000e+02	1.729852e+01	-6.521454e+02
1.08467000000e+02	1.633372e+01	-6.152821e+02
1.15022000000e+02	1.533214e+01	-5.806223e+02
1.21974000000e+02	1.490881e+01	-5.478247e+02
1.29345000000e+02	1.377031e+01	-5.170474e+02
1.37163000000e+02	1.330204e+01	-4.885511e+02
1.45452000000e+02	1.244539e+01	-4.606407e+02
1.54243000000e+02	1.177647e+01	-4.348267e+02
1.63565000000e+02	1.156471e+01	-4.101417e+02
1.73450000000e+02	1.050847e+01	-3.869322e+02
1.83932000000e+02	1.027872e+01	-3.650381e+02
1.95049000000e+02	9.783495e+00	-3.447729e+02
2.06837000000e+02	9.307747e+00	-3.251234e+02
2.19337000000e+02	8.682480e+00	-3.070248e+02
2.32593000000e+02	8.672028e+00	-2.895044e+02
2.46650000000e+02	8.448166e+00	-2.737095e+02
2.61557000000e+02	7.681845e+00	-2.584018e+02
2.77364000000e+02	7.435612e+00	-2.436371e+02
2.94127000000e+02	7.145493e+00	-2.299862e+02
3.11903000000e+02	6.781467e+00	-2.171983e+02
3.30753000000e+02	6.942149e+00	-2.050211e+02
3.50742000000e+02	6.426384e+00	-1.932971e+02
3.71940000000e+02	6.026732e+00	-1.826415e+02
3.94419000000e+02	5.939116e+00	-1.721530e+02
4.18256000000e+02	5.750874e+00	-1.626544e+02
4.43534000000e+02	5.588731e+00	-1.535128e+02
4.70339000000e+02	5.177506e+00	-1.450290e+02
4.98765000000e+02	5.153338e+00	-1.367391e+02
5.28908000000e+02	5.226403e+00	-1.290829e+02
5.60873000000e+02	4.676246e+00	-1.218647e+02
5.94770000000e+02	4.699950e+00	-1.150567e+02
6.30716000000e+02	4.617903e+00	-1.085430e+02
6.68834000000e+02	4.266322e+00	-1.025203e+02
7.09256000000e+02	4.199523e+00	-9.682918e+01
7.52121000000e+02	4.232859e+00	-9.135832e+01
7.97576000000e+02	3.902657e+00	-8.622258e+01
8.45778000000e+02	3.853082e+00	-8.139883e+01
8.96894000000e+02	3.643334e+00	-7.683882e+01
9.51099000000e+02	3.552492e+00	-7.253026e+01
1.00858000000e+03	3.531045e+00	-6.852545e+01
1.06953400000e+03	3.419082e+00	-6.465855e+01
1.13417300000e+03	3.378463e+00	-6.110037e+01
1.20271800000e+03	3.290883e+00	-5.777082e+01
1.27540600000e+03	3.245599e+00	-5.441452e+01
1.35248700000e+03	3.175621e+00	-5.143597e+01
1.43422600000e+03	2.880613e+00	-4.856745e+01
1.52090500000e+03	2.879794e+00	-4.583462e+01
1.61282300000e+03	2.738420e+00	-4.327290e+01
1.71029600000e+03	2.747061e+00	-4.101114e+01
1.81365900000e+03	2.738090e+00	-3.861299e+01
1.92327000000e+03	2.656481e+00	-3.663308e+01
2.03950500000e+03	2.489466e+00	-3.448716e+01
2.16276500000e+03	2.552980e+00	-3.254406e+01
2.29347500000e+03	2.448080e+00	-3.082310e+01
2.43208400000e+03	2.333333e+00	-2.908532e+01
2.57907000000e+03	2.328114e+00	-2.758026e+01
2.73493900000e+03	2.279361e+00	-2.600267e+01
2.90022800000e+03	2.232173e+00	-2.457756e+01
3.07550700000e+03	2.178717e+00	-2.324924e+01
3.26137900000e+03	2.070110e+00	-2.186801e+01
3.45848400000e+03	2.044152e+00	-2.074393e+01
3.66750200000e+03	1.988828e+00	-1.959317e+01
3.88915200000e+03	1.943056e+00	-1.852857e+01
4.12419700000e+03	1.889168e+00	-1.748552e+01
4.37344800000e+03	1.817015e+00	-1.658711e+01
4.63776300000e+03	1.801607e+00	-1.562055e+01
4.91805200000e+03	1.702590e+00	-1.477927e+01
5.21528000000e+03	1.712763e+00	-1.392935e+01
5.53047200000e+03	1.677301e+00	-1.319735e+01
5.86471300000e+03	1.636708e+00	-1.250603e+01
6.21915400000e+03	1.584869e+00	-1.180741e+01
6.59501600000e+03	1.584839e+00	-1.113040e+01
6.99359400000e+03	1.484816e+00	-1.055609e+01
7.41626000000e+03	1.524019e+00	-9.963999e+00
7.86447100000e+03	1.474618e+00	-9.427528e+00
8.33976900000e+03	1.443891e+00	-8.900185e+00
8.84379400000e+03	1.399073e+00	-8.423065e+00
9.37827900000e+03	1.388599e+00	-7.943202e+00
9.94506700000e+03	1.332917e+00	-7.516532e+00
1.05461090000e+04	1.307012e+00	-7.114548e+00
1.11834760000e+04	1.322380e+00	-6.711266e+00
1.18593630000e+04	1.294693e+00	-6.346552e+00
1.25760980000e+04	1.263988e+00	-6.003284e+00
1.33361490000e+04	1.249311e+00	-5.683097e+00
1.41421360000e+04	1.241911e+00	-5.380597e+00
1.49968330000e+04	1.230569e+00	-5.075803e+00
1.59031850000e+04	1.202425e+00	-4.799522e+00
1.68643130000e+04	1.192391e+00	-4.518488e+00
1.78835280000e+04	1.175348e+00	-4.279719e+00
1.89643410000e+04	1.160025e+00	-4.044882e+00
2.01104740000e+04	1.147954e+00	-3.830094e+00
2.13258740000e+04	1.135129e+00	-3.620228e+00
2.26147300000e+04	1.124100e+00	-3.431983e+00
2.39814780000e+04	1.114953e+00	-3.242409e+00
2.54308280000e+04	1.111686e+00	-3.059510e+00
2.69677710000e+04	1.086943e+00	-2.895856e+00
2.85976010000e+04	1.088374e+00	-2.735786e+00
3.03259310000e+04	1.074859e+00	-2.591632e+00
3.21587160000e+04	1.061013e+00	-2.444158e+00
3.41022670000e+04	1.060442e+00	-2.308325e+00
3.61632790000e+04	1.041475e+00	-2.186011e+00
3.83488500000e+04	1.039683e+00	-2.066369e+00
4.06665100000e+04	1.033867e+00	-1.955262e+00
4.31242390000e+04	1.029569e+00	-1.847778e+00
4.57305050000e+04	1.016812e+00	-1.748373e+00
4.84942840000e+04	1.010356e+00	-1.650357e+00
5.14250950000e+04	1.006961e+00	-1.563611e+00
5.45330330000e+04	9.964957e-01	-1.477784e+00
5.78288030000e+04	9.950686e-01	-1.399362e+00
6.13237560000e+04	9.856651e-01	-1.324810e+00
6.50299320000e+04	9.810462e-01	-1.250786e+00
6.89600950000e+04	9.754928e-01	-1.182222e+00
7.31277820000e+04	9.702135e-01	-1.117083e+00
7.75473480000e+04	9.648979e-01	-1.057009e+00
8.22340160000e+04	9.642450e-01	-1.001503e+00
8.72039280000e+04	9.611180e-01	-9.465123e-01
9.24742040000e+04	9.556831e-01	-8.958496e-01
9.80629940000e+04	9.507529e-01	-8.419873e-01
1.03989550000e+05	9.469385e-01	-8.010015e-01
1.10274285000e+05	9.430181e-01	-7.589861e-01
1.16938845000e+05	9.394625e-01	-7.151626e-01
1.24006186000e+05	9.376996e-01	-6.762027e-01
1.31500650000e+05	9.343364e-01	-6.404748e-01
1.39448052000e+05	9.295555e-01	-6.044310e-01
1.47875764000e+05	9.263600e-01	-5.711856e-01
1.56812815000e+05	9.253989e-01	-5.379839e-01
1.66289987000e+05	9.209772e-01	-5.111853e-01
1.76339925000e+05	9.175012e-01	-4.827974e-01
1.86997242000e+05	9.159088e-01	-4.553402e-01
1.98298647000e+05	9.134108e-01	-4.302523e-01
2.10283066000e+05	9.092804e-01	-4.034594e-01
2.22991778000e+05	9.053258e-01	-3.822840e-01
2.36468557000e+05	9.049984e-01	-3.594833e-01
2.50759821000e+05	9.032297e-01	-3.352157e-01
2.65914795000e+05	9.012861e-01	-3.169503e-01
2.81985678000e+05	9.004794e-01	-3.009228e-01
2.99027824000e+05	8.977890e-01	-2.794641e-01
3.17099934000e+05	8.954557e-01	-2.594291e-01
3.36264253000e+05	8.980585e-01	-2.428642e-01
3.56586791000e+05	8.939718e-01	-2.296222e-01
3.78137546000e+05	8.948181e-01	-2.131559e-01
4.00990747000e+05	8.912566e-01	-1.973717e-01
4.25225109000e+05	8.906924e-01	-1.832223e-01
4.50924105000e+05	8.896362e-01	-1.699329e-01
4.78176250000e+05	8.918133e-01	-1.571200e-01
5.07075412000e+05	8.883809e-01	-1.443836e-01
5.37721129000e+05	8.853445e-01	-1.325752e-01
5.70218958000e+05	8.852969e-01	-1.195911e-01
6.04680832000e+05	8.885422e-01	-1.096347e-01
6.41225452000e+05	8.898267e-01	-1.018483e-01
6.79978689000e+05	8.863884e-01	-8.674584e-02
7.21074026000e+05	8.853629e-01	-7.384907e-02
7.64653010000e+05	8.842309e-01	-6.737010e-02
8.10865742000e+05	8.853911e-01	-5.363982e-02
8.59871396000e+05	8.842531e-01	-4.093542e-02
9.11838767000e+05	8.831090e-01	-3.483128e-02
9.66946849000e+05	8.856795e-01	-2.776078e-02
1.02538545500e+06	8.877820e-01	-1.540959e-02
1.08735586800e+06	8.877478e-01	-5.006376e-03
1.15307153900e+06	8.877139e-01	6.866915e-03
1.22275881600e+06	8.857759e-01	1.786963e-02
1.29665772800e+06	8.859466e-01	2.866548e-02
1.37502281100e+06	8.888810e-01	4.021218e-02
1.45812398200e+06	8.830686e-01	4.601282e-02
1.54624747400e+06	8.878736e-01	4.750994e-02
1.63969681500e+06	8.882045e-01	6.577134e-02
1.73879388100e+06	8.977386e-01	7.244863e-02
1.84387999800e+06	8.913180e-01	8.474037e-02
1.95531712200e+06	8.947206e-01	9.043883e-02
2.07348908400e+06	8.941901e-01	1.014194e-01
2.19880291200e+06	8.958797e-01	1.184965e-01
2.33169023300e+06	9.026712e-01	1.260670e-01
2.47260876000e+06	8.973019e-01	1.339975e-01
2.62204387000e+06	9.087968e-01	1.432625e-01
2.78051027100e+06	9.001079e-01	1.645708e-01
2.94855378200e+06	9.021467e-01	1.721269e-01
3.12675320600e+06	9.035395e-01	1.862889e-01
3.31572232800e+06	9.047332e-01	1.988380e-01
3.51611202900e+06	9.095106e-01	2.138644e-01
3.72861252400e+06	9.095596e-01	2.275275e-01
3.95395574500e+06	9.119819e-01	2.404991e-01
4.19291785600e+06	9.156824e-01	2.590047e-01
4.44632193200e+06	9.165801e-01	2.720995e-01
4.71504079100e+06	9.161391e-01	2.920304e-01
5.00000000000e+06	9.235960e-01	3.051496e-01


"TRACE: B"

"Frequency"	"Data Trace Real"	"Data Trace Imag"
4.00000000000e+01	1.749206e-05	6.075177e-04
4.24170000000e+01	1.858759e-05	6.437050e-04
4.49810000000e+01	1.916786e-05	6.820676e-04
4.76990000000e+01	2.054951e-05	7.218722e-04
5.05820000000e+01	2.118576e-05	7.654501e-04
5.36390000000e+01	2.112306e-05	8.106292e-04
5.68810000000e+01	2.412541e-05	8.592158e-04
6.03190000000e+01	2.471634e-05	9.100636e-04
6.39640000000e+01	2.624646e-05	9.649831e-04
6.78300000000e+01	2.663985e-05	1.021747e-03
7.19290000000e+01	2.827700e-05	1.083410e-03
7.62760000000e+01	3.031759e-05	1.147167e-03
8.08860000000e+01	3.231227e-05	1.216583e-03
8.57750000000e+01	3.448432e-05	1.287923e-03
9.09590000000e+01	3.626911e-05	1.364695e-03
9.64560000000e+01	3.853881e-05	1.446247e-03
1.02285000000e+02	4.064571e-05	1.532322e-03
1.08467000000e+02	4.311523e-05	1.624126e-03
1.15022000000e+02	4.544778e-05	1.721090e-03
1.21974000000e+02	4.964073e-05	1.824050e-03
1.29345000000e+02	5.147248e-05	1.932688e-03
1.37163000000e+02	5.568989e-05	2.045353e-03
1.45452000000e+02	5.860935e-05	2.169306e-03
1.54243000000e+02	6.223925e-05	2.298081e-03
1.63565000000e+02	6.869446e-05	2.436245e-03
1.73450000000e+02	7.013740e-05	2.582527e-03
1.83932000000e+02	7.707581e-05	2.737270e-03
1.95049000000e+02	8.223905e-05	2.898126e-03
2.06837000000e+02	8.798172e-05	3.073237e-03
2.19337000000e+02	9.203428e-05	3.254463e-03
2.32593000000e+02	1.033763e-04	3.451082e-03
2.46650000000e+02	1.126598e-04	3.650031e-03
2.61557000000e+02	1.149452e-04	3.866525e-03
2.77364000000e+02	1.251484e-04	4.100645e-03
2.94127000000e+02	1.349614e-04	4.343893e-03
3.11903000000e+02	1.436110e-04	4.599604e-03
3.30753000000e+02	1.649679e-04	4.871962e-03
3.50742000000e+02	1.718051e-04	5.167670e-03
3.71940000000e+02	1.804722e-04	5.469251e-03
3.94419000000e+02	2.001595e-04	5.801883e-03
4.18256000000e+02	2.170998e-04	6.140328e-03
4.43534000000e+02	2.368365e-04	6.505492e-03
4.70339000000e+02	2.458430e-04	6.886397e-03
4.98765000000e+02	2.752242e-04	7.302823e-03
5.28908000000e+02	3.131512e-04	7.734280e-03
5.60873000000e+02	3.144143e-04	8.193755e-03
5.94770000000e+02	3.544422e-04	8.676889e-03
6.30716000000e+02	3.912514e-04	9.196294e-03
6.68834000000e+02	4.052120e-04	9.737301e-03
7.09256000000e+02	4.470657e-04	1.030808e-02
7.52121000000e+02	5.060650e-04	1.092246e-02
7.97576000000e+02	5.238772e-04	1.157418e-02
8.45778000000e+02	5.802296e-04	1.225772e-02
8.96894000000e+02	6.156904e-04	1.298506e-02
9.51099000000e+02	6.736807e-04	1.375435e-02
1.00858000000e+03	7.499768e-04	1.455447e-02
1.06953400000e+03	8.155392e-04	1.542273e-02
1.13417300000e+03	9.022058e-04	1.631663e-02
1.20271800000e+03	9.828524e-04	1.725379e-02
1.27540600000e+03	1.092252e-03	1.831230e-02
1.35248700000e+03	1.195756e-03	1.936782e-02
1.43422600000e+03	1.216940e-03	2.051774e-02
1.52090500000e+03	1.365410e-03	2.173178e-02
1.61282300000e+03	1.456573e-03	2.301698e-02
1.71029600000e+03	1.626000e-03	2.427470e-02
1.81365900000e+03	1.827269e-03	2.576844e-02
1.92327000000e+03	1.969165e-03	2.715494e-02
2.03950500000e+03	2.082257e-03	2.884599e-02
2.16276500000e+03	2.395739e-03	3.053964e-02
2.29347500000e+03	2.560601e-03	3.223982e-02
2.43208400000e+03	2.740584e-03	3.416175e-02
2.57907000000e+03	3.038952e-03	3.600129e-02
2.73493900000e+03	3.345436e-03	3.816433e-02
2.90022800000e+03	3.665073e-03	4.035465e-02
3.07550700000e+03	3.995637e-03	4.263772e-02
3.26137900000e+03	4.290425e-03	4.532275e-02
3.45848400000e+03	4.704725e-03	4.774326e-02
3.66750200000e+03	5.127856e-03	5.051767e-02
3.88915200000e+03	5.598238e-03	5.338363e-02
4.12419700000e+03	6.107639e-03	5.653030e-02
4.37344800000e+03	6.525845e-03	5.957292e-02
4.63776300000e+03	7.286660e-03	6.317783e-02
4.91805200000e+03	7.692696e-03	6.677615e-02
5.21528000000e+03	8.695982e-03	7.072161e-02
5.53047200000e+03	9.477175e-03	7.456832e-02
5.86471300000e+03	1.028862e-02	7.861494e-02
6.21915400000e+03	1.116682e-02	8.319371e-02
6.59501600000e+03	1.253854e-02	8.805872e-02
6.99359400000e+03	1.306645e-02	9.289411e-02
7.41626000000e+03	1.499961e-02	9.806708e-02
7.86447100000e+03	1.619520e-02	1.035392e-01
8.33976900000e+03	1.776045e-02	1.094759e-01
8.84379400000e+03	1.919024e-02	1.155341e-01
9.37827900000e+03	2.135561e-02	1.221605e-01
9.94506700000e+03	2.287292e-02	1.289840e-01
1.05461090000e+04	2.497870e-02	1.359682e-01
1.11834760000e+04	2.826215e-02	1.434345e-01
1.18593630000e+04	3.085911e-02	1.512706e-01
1.25760980000e+04	3.358358e-02	1.595045e-01
1.33361490000e+04	3.689814e-02	1.678491e-01
1.41421360000e+04	4.072752e-02	1.764525e-01
1.49968330000e+04	4.511202e-02	1.860763e-01
1.59031850000e+04	4.911616e-02	1.960490e-01
1.68643130000e+04	5.460034e-02	2.069044e-01
1.78835280000e+04	5.967008e-02	2.172729e-01
1.89643410000e+04	6.551325e-02	2.284376e-01
2.01104740000e+04	7.180357e-02	2.395693e-01
2.13258740000e+04	7.885818e-02	2.514996e-01
2.26147300000e+04	8.619007e-02	2.631463e-01
2.39814780000e+04	9.483849e-02	2.758010e-01
2.54308280000e+04	1.049112e-01	2.887298e-01
2.69677710000e+04	1.136087e-01	3.026786e-01
2.85976010000e+04	1.255466e-01	3.155796e-01
3.03259310000e+04	1.365441e-01	3.292266e-01
3.21587160000e+04	1.494457e-01	3.442642e-01
3.41022670000e+04	1.643357e-01	3.577189e-01
3.61632790000e+04	1.776257e-01	3.728286e-01
3.83488500000e+04	1.943035e-01	3.861779e-01
4.06665100000e+04	2.113413e-01	3.996913e-01
4.31242390000e+04	2.301075e-01	4.129764e-01
4.57305050000e+04	2.485659e-01	4.274004e-01
4.84942840000e+04	2.698241e-01	4.407417e-01
5.14250950000e+04	2.911260e-01	4.520610e-01
5.45330330000e+04	3.136742e-01	4.651728e-01
5.78288030000e+04	3.374973e-01	4.746214e-01
6.13237560000e+04	3.614922e-01	4.858733e-01
6.50299320000e+04	3.882384e-01	4.949850e-01
6.89600950000e+04	4.152385e-01	5.032370e-01
7.31277820000e+04	4.431841e-01	5.102726e-01
7.75473480000e+04	4.710736e-01	5.160431e-01
8.22340160000e+04	4.988913e-01	5.181680e-01
8.72039280000e+04	5.281932e-01	5.201665e-01
9.24742040000e+04	5.569649e-01	5.220944e-01
9.80629940000e+04	5.894776e-01	5.220417e-01
1.03989550000e+05	6.155763e-01	5.207070e-01
1.10274285000e+05	6.435477e-01	5.179580e-01
1.16938845000e+05	6.739100e-01	5.130117e-01
1.24006186000e+05	7.015924e-01	5.059388e-01
1.31500650000e+05	7.281343e-01	4.991260e-01
1.39448052000e+05	7.560986e-01	4.916430e-01
1.47875764000e+05	7.821372e-01	4.822591e-01
1.56812815000e+05	8.076515e-01	4.695310e-01
1.66289987000e+05	8.300760e-01	4.607309e-01
1.76339925000e+05	8.535675e-01	4.491549e-01
1.86997242000e+05	8.754427e-01	4.352226e-01
1.98298647000e+05	8.959960e-01	4.220493e-01
2.10283066000e+05	9.188638e-01	4.077117e-01
2.22991778000e+05	9.374272e-01	3.958392e-01
2.36468557000e+05	9.543877e-01	3.791017e-01
2.50759821000e+05	9.731050e-01	3.611485e-01
2.65914795000e+05	9.874142e-01	3.472384e-01
2.81985678000e+05	9.989591e-01	3.338328e-01
2.99027824000e+05	1.015455e+00	3.160910e-01
3.17099934000e+05	1.030273e+00	2.984879e-01
3.36264253000e+05	1.037628e+00	2.806082e-01
3.56586791000e+05	1.049371e+00	2.695375e-01
3.78137546000e+05	1.057536e+00	2.519172e-01
4.00990747000e+05	1.069559e+00	2.368572e-01
4.25225109000e+05	1.077142e+00	2.215765e-01
4.50924105000e+05	1.084486e+00	2.071520e-01
4.78176250000e+05	1.087554e+00	1.916057e-01
5.07075412000e+05	1.096676e+00	1.782365e-01
5.37721129000e+05	1.104732e+00	1.654272e-01
5.70218958000e+05	1.109321e+00	1.498536e-01
6.04680832000e+05	1.108562e+00	1.367823e-01
6.41225452000e+05	1.109282e+00	1.269668e-01
6.79978689000e+05	1.117471e+00	1.093606e-01
7.21074026000e+05	1.121676e+00	9.356023e-02
7.64653010000e+05	1.124399e+00	8.566868e-02
8.10865742000e+05	1.125314e+00	6.817512e-02
8.59871396000e+05	1.128479e+00	5.224157e-02
9.11838767000e+05	1.130604e+00	4.459290e-02
9.66946849000e+05	1.127968e+00	3.535509e-02
1.02538545500e+06	1.126063e+00	1.954554e-02
1.08735586800e+06	1.126410e+00	6.352292e-03
1.15307153900e+06	1.126422e+00	-8.713440e-03
1.22275881600e+06	1.128494e+00	-2.276622e-02
1.29665772800e+06	1.127556e+00	-3.648293e-02
1.37502281100e+06	1.122712e+00	-5.079050e-02
1.45812398200e+06	1.129349e+00	-5.884540e-02
1.54624747400e+06	1.123071e+00	-6.009528e-02
1.63969681500e+06	1.119727e+00	-8.291554e-02
1.73879388100e+06	1.106702e+00	-8.931227e-02
1.84387999800e+06	1.111884e+00	-1.057103e-01
1.95531712200e+06	1.106363e+00	-1.118318e-01
2.07348908400e+06	1.104127e+00	-1.252305e-01
2.19880291200e+06	1.097029e+00	-1.451022e-01
2.33169023300e+06	1.086629e+00	-1.517584e-01
2.47260876000e+06	1.090141e+00	-1.627950e-01
2.62204387000e+06	1.073675e+00	-1.692539e-01
2.78051027100e+06	1.075041e+00	-1.965546e-01
2.94855378200e+06	1.069533e+00	-2.040636e-01
3.12675320600e+06	1.061630e+00	-2.188834e-01
3.31572232800e+06	1.054371e+00	-2.317246e-01
3.51611202900e+06	1.041885e+00	-2.449911e-01
3.72861252400e+06	1.034687e+00	-2.588282e-01
3.95395574500e+06	1.025216e+00	-2.703601e-01
4.19291785600e+06	1.011181e+00	-2.860168e-01
4.44632193200e+06	1.002650e+00	-2.976507e-01
4.71504079100e+06	9.908571e-01	-3.158476e-01
5.00000000000e+06	9.761666e-01	-3.225185e-01
