4294A REV1.11
"DATE:     20 -100"


"MEASURE PARAMETER: Cs - Rs"
"ADAPTER: NONE"
"SWEEP TYPE: LOG FREQ"
"NUMBER of POINTS: 200"
"POINT DELAY TIME:  0 Sec"
"SWEEP DELAY TIME:  0 Sec"
"OSC LEVEL:  10 mVolt"
"DC BIAS:  5 Volt"
"BW: 2"
"SWEEP AVERAGING: OFF"
"POINT AVERAGING: OFF"


"TRACE: A"
"FORMAT: LINEAR"

"Frequency"	"Data Trace Real"	"Data Trace Imag"
4.00000000000e+01	2.599884e-06	0.000000e+00
4.30940000000e+01	2.598534e-06	0.000000e+00
4.64280000000e+01	2.597809e-06	0.000000e+00
5.00190000000e+01	2.594492e-06	0.000000e+00
5.38880000000e+01	2.594909e-06	0.000000e+00
5.80570000000e+01	2.589941e-06	0.000000e+00
6.25480000000e+01	2.585795e-06	0.000000e+00
6.73860000000e+01	2.584470e-06	0.000000e+00
7.25980000000e+01	2.582603e-06	0.000000e+00
7.82140000000e+01	2.579390e-06	0.000000e+00
8.42640000000e+01	2.578830e-06	0.000000e+00
9.07830000000e+01	2.572897e-06	0.000000e+00
9.78050000000e+01	2.572206e-06	0.000000e+00
1.05371000000e+02	2.568864e-06	0.000000e+00
1.13522000000e+02	2.565790e-06	0.000000e+00
1.22303000000e+02	2.562291e-06	0.000000e+00
1.31764000000e+02	2.561840e-06	0.000000e+00
1.41956000000e+02	2.559765e-06	0.000000e+00
1.52937000000e+02	2.554713e-06	0.000000e+00
1.64767000000e+02	2.554098e-06	0.000000e+00
1.77513000000e+02	2.548216e-06	0.000000e+00
1.91244000000e+02	2.548176e-06	0.000000e+00
2.06037000000e+02	2.545057e-06	0.000000e+00
2.21975000000e+02	2.541238e-06	0.000000e+00
2.39146000000e+02	2.539633e-06	0.000000e+00
2.57645000000e+02	2.535629e-06	0.000000e+00
2.77575000000e+02	2.537151e-06	0.000000e+00
2.99046000000e+02	2.531643e-06	0.000000e+00
3.22179000000e+02	2.529923e-06	0.000000e+00
3.47100000000e+02	2.525449e-06	0.000000e+00
3.73950000000e+02	2.522937e-06	0.000000e+00
4.02877000000e+02	2.523537e-06	0.000000e+00
4.34041000000e+02	2.516690e-06	0.000000e+00
4.67616000000e+02	2.512779e-06	0.000000e+00
5.03788000000e+02	2.511234e-06	0.000000e+00
5.42758000000e+02	2.510225e-06	0.000000e+00
5.84742000000e+02	2.506795e-06	0.000000e+00
6.29974000000e+02	2.500452e-06	0.000000e+00
6.78705000000e+02	2.498784e-06	0.000000e+00
7.31206000000e+02	2.499277e-06	0.000000e+00
7.87768000000e+02	2.496472e-06	0.000000e+00
8.48705000000e+02	2.494683e-06	0.000000e+00
9.14356000000e+02	2.486284e-06	0.000000e+00
9.85085000000e+02	2.483161e-06	0.000000e+00
1.06128500000e+03	2.483037e-06	0.000000e+00
1.14338000000e+03	2.478129e-06	0.000000e+00
1.23182500000e+03	2.470455e-06	0.000000e+00
1.32711100000e+03	2.474510e-06	0.000000e+00
1.42976900000e+03	2.464434e-06	0.000000e+00
1.54036700000e+03	2.453337e-06	0.000000e+00
1.65952100000e+03	2.460814e-06	0.000000e+00
1.78789200000e+03	2.447802e-06	0.000000e+00
1.92619300000e+03	2.444592e-06	0.000000e+00
2.07519100000e+03	2.452898e-06	0.000000e+00
2.23571600000e+03	2.422915e-06	0.000000e+00
2.40865800000e+03	2.435263e-06	0.000000e+00
2.59497700000e+03	2.424201e-06	0.000000e+00
2.79570900000e+03	2.427509e-06	0.000000e+00
3.01196800000e+03	2.419015e-06	0.000000e+00
3.24495700000e+03	2.431665e-06	0.000000e+00
3.49596700000e+03	2.382967e-06	0.000000e+00
3.76639400000e+03	2.408795e-06	0.000000e+00
4.05774000000e+03	2.396425e-06	0.000000e+00
4.37162300000e+03	2.389354e-06	0.000000e+00
4.70978600000e+03	2.389247e-06	0.000000e+00
5.07410700000e+03	2.378747e-06	0.000000e+00
5.46661000000e+03	2.386857e-06	0.000000e+00
5.88947400000e+03	2.352374e-06	0.000000e+00
6.34504900000e+03	2.367208e-06	0.000000e+00
6.83586400000e+03	2.332409e-06	0.000000e+00
7.36464600000e+03	2.349073e-06	0.000000e+00
7.93433200000e+03	2.326828e-06	0.000000e+00
8.54808400000e+03	2.313134e-06	0.000000e+00
9.20931400000e+03	2.315247e-06	0.000000e+00
9.92169100000e+03	2.317243e-06	0.000000e+00
1.06891750000e+04	2.324349e-06	0.000000e+00
1.15160260000e+04	2.295681e-06	0.000000e+00
1.24068370000e+04	2.287476e-06	0.000000e+00
1.33665570000e+04	2.235058e-06	0.000000e+00
1.44005140000e+04	2.284954e-06	0.000000e+00
1.55144520000e+04	2.308632e-06	0.000000e+00
1.67145580000e+04	2.240972e-06	0.000000e+00
1.80074970000e+04	2.223867e-06	0.000000e+00
1.94004510000e+04	2.153582e-06	0.000000e+00
2.09011540000e+04	2.241227e-06	0.000000e+00
2.25179440000e+04	2.180555e-06	0.000000e+00
2.42597980000e+04	2.152703e-06	0.000000e+00
2.61363920000e+04	2.174161e-06	0.000000e+00
2.81581490000e+04	2.128648e-06	0.000000e+00
3.03362960000e+04	2.136410e-06	0.000000e+00
3.26829320000e+04	2.119461e-06	0.000000e+00
3.52110900000e+04	2.142670e-06	0.000000e+00
3.79348110000e+04	2.162200e-06	0.000000e+00
4.08692230000e+04	2.127365e-06	0.000000e+00
4.40306230000e+04	2.080400e-06	0.000000e+00
4.74365710000e+04	2.130098e-06	0.000000e+00
5.11059830000e+04	2.076905e-06	0.000000e+00
5.50592380000e+04	2.050985e-06	0.000000e+00
5.93182940000e+04	2.049397e-06	0.000000e+00
6.39068060000e+04	2.045639e-06	0.000000e+00
6.88502570000e+04	2.048882e-06	0.000000e+00
7.41761050000e+04	2.057313e-06	0.000000e+00
7.99139280000e+04	1.981566e-06	0.000000e+00
8.60955950000e+04	2.040468e-06	0.000000e+00
9.27554400000e+04	1.942479e-06	0.000000e+00
9.99304500000e+04	2.045226e-06	0.000000e+00
1.07660477000e+05	1.923701e-06	0.000000e+00
1.15988453000e+05	1.898350e-06	0.000000e+00
1.24960632000e+05	1.950174e-06	0.000000e+00
1.34626845000e+05	1.882004e-06	0.000000e+00
1.45040779000e+05	1.891662e-06	0.000000e+00
1.56260273000e+05	1.803213e-06	0.000000e+00
1.68347641000e+05	1.902058e-06	0.000000e+00
1.81370016000e+05	1.820746e-06	0.000000e+00
1.95399724000e+05	1.745393e-06	0.000000e+00
2.10514688000e+05	1.828398e-06	0.000000e+00
2.26798855000e+05	1.722478e-06	0.000000e+00
2.44342669000e+05	1.784566e-06	0.000000e+00
2.63243569000e+05	1.733617e-06	0.000000e+00
2.83606529000e+05	1.662314e-06	0.000000e+00
3.05544648000e+05	1.695655e-06	0.000000e+00
3.29179770000e+05	1.692317e-06	0.000000e+00
3.54643164000e+05	1.563829e-06	0.000000e+00
3.82076255000e+05	1.471856e-06	0.000000e+00
4.11631408000e+05	1.591735e-06	0.000000e+00
4.43472771000e+05	1.488429e-06	0.000000e+00
4.77777194000e+05	1.461284e-06	0.000000e+00
5.14735204000e+05	1.435443e-06	0.000000e+00
5.54552065000e+05	1.323144e-06	0.000000e+00
5.97448923000e+05	1.249770e-06	0.000000e+00
6.43664028000e+05	1.264189e-06	0.000000e+00
6.93454059000e+05	1.129744e-06	0.000000e+00
7.47095551000e+05	1.243862e-06	0.000000e+00
8.04886431000e+05	1.188498e-06	0.000000e+00
8.67147670000e+05	9.466502e-07	0.000000e+00
9.34225070000e+05	9.705609e-07	0.000000e+00
1.00649117900e+06	9.412688e-07	0.000000e+00
1.08434736600e+06	9.470049e-07	0.000000e+00
1.16822604500e+06	7.418358e-07	0.000000e+00
1.25859308200e+06	7.129730e-07	0.000000e+00
1.35595037700e+06	6.188294e-07	0.000000e+00
1.46083865400e+06	5.945352e-07	0.000000e+00
1.57384046600e+06	6.102358e-07	0.000000e+00
1.69558342800e+06	5.088573e-07	0.000000e+00
1.82674370300e+06	4.250398e-07	0.000000e+00
1.96804975900e+06	3.879110e-07	0.000000e+00
2.12028641400e+06	3.042161e-07	0.000000e+00
2.28429919300e+06	3.122439e-07	0.000000e+00
2.46099902700e+06	2.984428e-07	0.000000e+00
2.65136731300e+06	2.361153e-07	0.000000e+00
2.85646135900e+06	2.141976e-07	0.000000e+00
3.07742026500e+06	1.819260e-07	0.000000e+00
3.31547124000e+06	1.570029e-07	0.000000e+00
3.57193642700e+06	1.442763e-07	0.000000e+00
3.84824023900e+06	1.214090e-07	0.000000e+00
4.14591727500e+06	1.111468e-07	0.000000e+00
4.46662084100e+06	8.896438e-08	0.000000e+00
4.81213213200e+06	8.034869e-08	0.000000e+00
5.18437012700e+06	6.977463e-08	0.000000e+00
5.58540224500e+06	6.032526e-08	0.000000e+00
6.01745582800e+06	5.269440e-08	0.000000e+00
6.48293051400e+06	4.484214e-08	0.000000e+00
6.98441156000e+06	3.951635e-08	0.000000e+00
7.52468420500e+06	3.354021e-08	0.000000e+00
8.10674913700e+06	2.867844e-08	0.000000e+00
8.73383915800e+06	2.513498e-08	0.000000e+00
9.40943714400e+06	2.160529e-08	0.000000e+00
1.01372953820e+07	1.912431e-08	0.000000e+00
1.09214564160e+07	1.620743e-08	0.000000e+00
1.17662754950e+07	1.403150e-08	0.000000e+00
1.26764447670e+07	1.218476e-08	0.000000e+00
1.36570193340e+07	1.047641e-08	0.000000e+00
1.47134453320e+07	9.144604e-09	0.000000e+00
1.58515901790e+07	7.788138e-09	0.000000e+00
1.70777751590e+07	6.752739e-09	0.000000e+00
1.83988105350e+07	5.873842e-09	0.000000e+00
1.98220333710e+07	4.983126e-09	0.000000e+00
2.13553482830e+07	4.353078e-09	0.000000e+00
2.30072713410e+07	3.773089e-09	0.000000e+00
2.47869773660e+07	3.249423e-09	0.000000e+00
2.67043508920e+07	2.827812e-09	0.000000e+00
2.87700410590e+07	2.453018e-09	0.000000e+00
3.09955207640e+07	2.124255e-09	0.000000e+00
3.33931503760e+07	1.832855e-09	0.000000e+00
3.59762463920e+07	1.591358e-09	0.000000e+00
3.87591553920e+07	1.381468e-09	0.000000e+00
4.17573337230e+07	1.209862e-09	0.000000e+00
4.49874333440e+07	1.043006e-09	0.000000e+00
4.84673943090e+07	9.116294e-10	0.000000e+00
5.22165444110e+07	7.965139e-10	0.000000e+00
5.62557065240e+07	6.956382e-10	0.000000e+00
6.06073142560e+07	6.096212e-10	0.000000e+00
6.52955365480e+07	5.326442e-10	0.000000e+00
7.03464119040e+07	4.676682e-10	0.000000e+00
7.57879930150e+07	4.131795e-10	0.000000e+00
8.16505025590e+07	3.661138e-10	0.000000e+00
8.79665010640e+07	3.249616e-10	0.000000e+00
9.47710677450e+07	2.897174e-10	0.000000e+00
1.02101995338e+08	2.603142e-10	0.000000e+00
1.10000000000e+08	2.370081e-10	0.000000e+00


"TRACE: B"
"FORMAT: LINEAR"

"Frequency"	"Data Trace Real"	"Data Trace Imag"
4.00000000000e+01	7.073552e+01	0.000000e+00
4.30940000000e+01	6.856169e+01	0.000000e+00
4.64280000000e+01	6.645096e+01	0.000000e+00
5.00190000000e+01	6.522366e+01	0.000000e+00
5.38880000000e+01	6.269729e+01	0.000000e+00
5.80570000000e+01	6.136824e+01	0.000000e+00
6.25480000000e+01	5.893022e+01	0.000000e+00
6.73860000000e+01	5.790665e+01	0.000000e+00
7.25980000000e+01	5.753288e+01	0.000000e+00
7.82140000000e+01	5.582995e+01	0.000000e+00
8.42640000000e+01	5.436042e+01	0.000000e+00
9.07830000000e+01	5.324448e+01	0.000000e+00
9.78050000000e+01	5.253365e+01	0.000000e+00
1.05371000000e+02	5.124633e+01	0.000000e+00
1.13522000000e+02	5.078099e+01	0.000000e+00
1.22303000000e+02	4.956732e+01	0.000000e+00
1.31764000000e+02	4.885940e+01	0.000000e+00
1.41956000000e+02	4.843969e+01	0.000000e+00
1.52937000000e+02	4.780370e+01	0.000000e+00
1.64767000000e+02	4.687532e+01	0.000000e+00
1.77513000000e+02	4.684361e+01	0.000000e+00
1.91244000000e+02	4.600359e+01	0.000000e+00
2.06037000000e+02	4.553027e+01	0.000000e+00
2.21975000000e+02	4.475423e+01	0.000000e+00
2.39146000000e+02	4.465680e+01	0.000000e+00
2.57645000000e+02	4.429636e+01	0.000000e+00
2.77575000000e+02	4.362239e+01	0.000000e+00
2.99046000000e+02	4.333303e+01	0.000000e+00
3.22179000000e+02	4.317231e+01	0.000000e+00
3.47100000000e+02	4.286826e+01	0.000000e+00
3.73950000000e+02	4.246440e+01	0.000000e+00
4.02877000000e+02	4.222781e+01	0.000000e+00
4.34041000000e+02	4.195834e+01	0.000000e+00
4.67616000000e+02	4.198022e+01	0.000000e+00
5.03788000000e+02	4.175302e+01	0.000000e+00
5.42758000000e+02	4.127078e+01	0.000000e+00
5.84742000000e+02	4.132134e+01	0.000000e+00
6.29974000000e+02	4.112402e+01	0.000000e+00
6.78705000000e+02	4.090495e+01	0.000000e+00
7.31206000000e+02	4.083612e+01	0.000000e+00
7.87768000000e+02	4.062942e+01	0.000000e+00
8.48705000000e+02	4.049081e+01	0.000000e+00
9.14356000000e+02	4.041596e+01	0.000000e+00
9.85085000000e+02	4.036572e+01	0.000000e+00
1.06128500000e+03	4.029096e+01	0.000000e+00
1.14338000000e+03	4.011926e+01	0.000000e+00
1.23182500000e+03	4.003445e+01	0.000000e+00
1.32711100000e+03	3.992699e+01	0.000000e+00
1.42976900000e+03	3.978796e+01	0.000000e+00
1.54036700000e+03	3.976698e+01	0.000000e+00
1.65952100000e+03	3.973467e+01	0.000000e+00
1.78789200000e+03	3.948909e+01	0.000000e+00
1.92619300000e+03	3.955930e+01	0.000000e+00
2.07519100000e+03	3.946536e+01	0.000000e+00
2.23571600000e+03	3.949805e+01	0.000000e+00
2.40865800000e+03	3.938963e+01	0.000000e+00
2.59497700000e+03	3.940877e+01	0.000000e+00
2.79570900000e+03	3.929762e+01	0.000000e+00
3.01196800000e+03	3.918166e+01	0.000000e+00
3.24495700000e+03	3.921525e+01	0.000000e+00
3.49596700000e+03	3.909805e+01	0.000000e+00
3.76639400000e+03	3.905250e+01	0.000000e+00
4.05774000000e+03	3.902864e+01	0.000000e+00
4.37162300000e+03	3.900915e+01	0.000000e+00
4.70978600000e+03	3.879785e+01	0.000000e+00
5.07410700000e+03	3.889322e+01	0.000000e+00
5.46661000000e+03	3.880603e+01	0.000000e+00
5.88947400000e+03	3.885989e+01	0.000000e+00
6.34504900000e+03	3.862408e+01	0.000000e+00
6.83586400000e+03	3.859820e+01	0.000000e+00
7.36464600000e+03	3.862131e+01	0.000000e+00
7.93433200000e+03	3.861893e+01	0.000000e+00
8.54808400000e+03	3.871059e+01	0.000000e+00
9.20931400000e+03	3.867996e+01	0.000000e+00
9.92169100000e+03	3.872334e+01	0.000000e+00
1.06891750000e+04	3.855508e+01	0.000000e+00
1.15160260000e+04	3.846439e+01	0.000000e+00
1.24068370000e+04	3.847636e+01	0.000000e+00
1.33665570000e+04	3.845604e+01	0.000000e+00
1.44005140000e+04	3.846721e+01	0.000000e+00
1.55144520000e+04	3.843145e+01	0.000000e+00
1.67145580000e+04	3.842224e+01	0.000000e+00
1.80074970000e+04	3.828340e+01	0.000000e+00
1.94004510000e+04	3.823651e+01	0.000000e+00
2.09011540000e+04	3.830173e+01	0.000000e+00
2.25179440000e+04	3.830559e+01	0.000000e+00
2.42597980000e+04	3.833210e+01	0.000000e+00
2.61363920000e+04	3.826044e+01	0.000000e+00
2.81581490000e+04	3.824969e+01	0.000000e+00
3.03362960000e+04	3.826313e+01	0.000000e+00
3.26829320000e+04	3.824400e+01	0.000000e+00
3.52110900000e+04	3.822523e+01	0.000000e+00
3.79348110000e+04	3.815776e+01	0.000000e+00
4.08692230000e+04	3.816725e+01	0.000000e+00
4.40306230000e+04	3.815647e+01	0.000000e+00
4.74365710000e+04	3.813249e+01	0.000000e+00
5.11059830000e+04	3.816075e+01	0.000000e+00
5.50592380000e+04	3.815242e+01	0.000000e+00
5.93182940000e+04	3.812512e+01	0.000000e+00
6.39068060000e+04	3.810161e+01	0.000000e+00
6.88502570000e+04	3.811180e+01	0.000000e+00
7.41761050000e+04	3.809424e+01	0.000000e+00
7.99139280000e+04	3.809451e+01	0.000000e+00
8.60955950000e+04	3.809442e+01	0.000000e+00
9.27554400000e+04	3.806939e+01	0.000000e+00
9.99304500000e+04	3.808042e+01	0.000000e+00
1.07660477000e+05	3.807958e+01	0.000000e+00
1.15988453000e+05	3.806483e+01	0.000000e+00
1.24960632000e+05	3.803506e+01	0.000000e+00
1.34626845000e+05	3.804102e+01	0.000000e+00
1.45040779000e+05	3.805453e+01	0.000000e+00
1.56260273000e+05	3.806099e+01	0.000000e+00
1.68347641000e+05	3.806211e+01	0.000000e+00
1.81370016000e+05	3.804868e+01	0.000000e+00
1.95399724000e+05	3.803770e+01	0.000000e+00
2.10514688000e+05	3.802341e+01	0.000000e+00
2.26798855000e+05	3.802213e+01	0.000000e+00
2.44342669000e+05	3.801208e+01	0.000000e+00
2.63243569000e+05	3.800798e+01	0.000000e+00
2.83606529000e+05	3.800221e+01	0.000000e+00
3.05544648000e+05	3.799903e+01	0.000000e+00
3.29179770000e+05	3.800005e+01	0.000000e+00
3.54643164000e+05	3.800560e+01	0.000000e+00
3.82076255000e+05	3.801646e+01	0.000000e+00
4.11631408000e+05	3.800681e+01	0.000000e+00
4.43472771000e+05	3.801637e+01	0.000000e+00
4.77777194000e+05	3.800311e+01	0.000000e+00
5.14735204000e+05	3.800964e+01	0.000000e+00
5.54552065000e+05	3.799472e+01	0.000000e+00
5.97448923000e+05	3.800403e+01	0.000000e+00
6.43664028000e+05	3.799139e+01	0.000000e+00
6.93454059000e+05	3.798190e+01	0.000000e+00
7.47095551000e+05	3.799258e+01	0.000000e+00
8.04886431000e+05	3.800413e+01	0.000000e+00
8.67147670000e+05	3.799474e+01	0.000000e+00
9.34225070000e+05	3.798370e+01	0.000000e+00
1.00649117900e+06	3.797963e+01	0.000000e+00
1.08434736600e+06	3.799770e+01	0.000000e+00
1.16822604500e+06	3.798767e+01	0.000000e+00
1.25859308200e+06	3.799971e+01	0.000000e+00
1.35595037700e+06	3.798595e+01	0.000000e+00
1.46083865400e+06	3.800574e+01	0.000000e+00
1.57384046600e+06	3.797505e+01	0.000000e+00
1.69558342800e+06	3.797420e+01	0.000000e+00
1.82674370300e+06	3.798479e+01	0.000000e+00
1.96804975900e+06	3.798785e+01	0.000000e+00
2.12028641400e+06	3.798239e+01	0.000000e+00
2.28429919300e+06	3.797495e+01	0.000000e+00
2.46099902700e+06	3.799251e+01	0.000000e+00
2.65136731300e+06	3.798596e+01	0.000000e+00
2.85646135900e+06	3.799013e+01	0.000000e+00
3.07742026500e+06	3.797890e+01	0.000000e+00
3.31547124000e+06	3.796730e+01	0.000000e+00
3.57193642700e+06	3.796806e+01	0.000000e+00
3.84824023900e+06	3.797345e+01	0.000000e+00
4.14591727500e+06	3.797205e+01	0.000000e+00
4.46662084100e+06	3.796714e+01	0.000000e+00
4.81213213200e+06	3.795887e+01	0.000000e+00
5.18437012700e+06	3.796738e+01	0.000000e+00
5.58540224500e+06	3.797969e+01	0.000000e+00
6.01745582800e+06	3.795247e+01	0.000000e+00
6.48293051400e+06	3.795494e+01	0.000000e+00
6.98441156000e+06	3.795615e+01	0.000000e+00
7.52468420500e+06	3.794649e+01	0.000000e+00
8.10674913700e+06	3.795926e+01	0.000000e+00
8.73383915800e+06	3.793729e+01	0.000000e+00
9.40943714400e+06	3.794595e+01	0.000000e+00
1.01372953820e+07	3.791551e+01	0.000000e+00
1.09214564160e+07	3.790266e+01	0.000000e+00
1.17662754950e+07	3.791167e+01	0.000000e+00
1.26764447670e+07	3.787131e+01	0.000000e+00
1.36570193340e+07	3.785306e+01	0.000000e+00
1.47134453320e+07	3.785942e+01	0.000000e+00
1.58515901790e+07	3.777592e+01	0.000000e+00
1.70777751590e+07	3.775562e+01	0.000000e+00
1.83988105350e+07	3.772403e+01	0.000000e+00
1.98220333710e+07	3.769973e+01	0.000000e+00
2.13553482830e+07	3.766630e+01	0.000000e+00
2.30072713410e+07	3.761749e+01	0.000000e+00
2.47869773660e+07	3.755342e+01	0.000000e+00
2.67043508920e+07	3.749873e+01	0.000000e+00
2.87700410590e+07	3.741229e+01	0.000000e+00
3.09955207640e+07	3.734425e+01	0.000000e+00
3.33931503760e+07	3.725996e+01	0.000000e+00
3.59762463920e+07	3.717287e+01	0.000000e+00
3.87591553920e+07	3.703488e+01	0.000000e+00
4.17573337230e+07	3.691013e+01	0.000000e+00
4.49874333440e+07	3.674635e+01	0.000000e+00
4.84673943090e+07	3.659207e+01	0.000000e+00
5.22165444110e+07	3.638084e+01	0.000000e+00
5.62557065240e+07	3.615577e+01	0.000000e+00
6.06073142560e+07	3.587733e+01	0.000000e+00
6.52955365480e+07	3.561024e+01	0.000000e+00
7.03464119040e+07	3.527084e+01	0.000000e+00
7.57879930150e+07	3.487610e+01	0.000000e+00
8.16505025590e+07	3.440955e+01	0.000000e+00
8.79665010640e+07	3.393581e+01	0.000000e+00
9.47710677450e+07	3.335681e+01	0.000000e+00
1.02101995338e+08	3.274237e+01	0.000000e+00
1.10000000000e+08	3.200957e+01	0.000000e+00
