4294A REV1.11
"DATE:     20 -100"


"MEASURE PARAMETER: IMPEDANCE - ADMITTANCE"
"ADAPTER: NONE"
"SWEEP TYPE: LOG FREQ"
"NUMBER of POINTS: 200"
"POINT DELAY TIME:  0 Sec"
"SWEEP DELAY TIME:  0 Sec"
"OSC LEVEL:  10 mVolt"
"DC BIAS:  5 Volt"
"BW: 2"
"SWEEP AVERAGING: OFF"
"POINT AVERAGING: OFF"


"TRACE: A"

"Frequency"	"Data Trace Real"	"Data Trace Imag"
4.00000000000e+01	7.474982e+01	-1.529031e+03
4.30940000000e+01	7.299696e+01	-1.420161e+03
4.64280000000e+01	6.946866e+01	-1.319612e+03
5.00190000000e+01	6.915439e+01	-1.225096e+03
5.38880000000e+01	6.570277e+01	-1.138136e+03
5.80570000000e+01	6.440935e+01	-1.058171e+03
6.25480000000e+01	6.354278e+01	-9.831680e+02
6.73860000000e+01	6.163411e+01	-9.132776e+02
7.25980000000e+01	6.095947e+01	-8.487435e+02
7.82140000000e+01	5.919769e+01	-7.885376e+02
8.42640000000e+01	5.867970e+01	-7.325829e+02
9.07830000000e+01	5.661121e+01	-6.808052e+02
9.78050000000e+01	5.637727e+01	-6.327841e+02
1.05371000000e+02	5.513004e+01	-5.873549e+02
1.13522000000e+02	5.386851e+01	-5.459244e+02
1.22303000000e+02	5.351135e+01	-5.073127e+02
1.31764000000e+02	5.255862e+01	-4.716026e+02
1.41956000000e+02	5.171625e+01	-4.382754e+02
1.52937000000e+02	5.108631e+01	-4.070759e+02
1.64767000000e+02	5.054006e+01	-3.783737e+02
1.77513000000e+02	5.037524e+01	-3.516405e+02
1.91244000000e+02	4.917120e+01	-3.264857e+02
2.06037000000e+02	4.864912e+01	-3.036578e+02
2.21975000000e+02	4.827777e+01	-2.820404e+02
2.39146000000e+02	4.805379e+01	-2.620422e+02
2.57645000000e+02	4.764388e+01	-2.434383e+02
2.77575000000e+02	4.715182e+01	-2.262517e+02
2.99046000000e+02	4.686384e+01	-2.100639e+02
3.22179000000e+02	4.635085e+01	-1.953087e+02
3.47100000000e+02	4.620641e+01	-1.813329e+02
3.73950000000e+02	4.580562e+01	-1.686849e+02
4.02877000000e+02	4.565355e+01	-1.568158e+02
4.34041000000e+02	4.543568e+01	-1.455968e+02
4.67616000000e+02	4.529264e+01	-1.351419e+02
5.03788000000e+02	4.504209e+01	-1.258209e+02
5.42758000000e+02	4.485511e+01	-1.168939e+02
5.84742000000e+02	4.474758e+01	-1.085206e+02
6.29974000000e+02	4.462430e+01	-1.007834e+02
6.78705000000e+02	4.442518e+01	-9.388191e+01
7.31206000000e+02	4.423737e+01	-8.718442e+01
7.87768000000e+02	4.394249e+01	-8.092760e+01
8.48705000000e+02	4.393633e+01	-7.522467e+01
9.14356000000e+02	4.384441e+01	-6.995213e+01
9.85085000000e+02	4.359274e+01	-6.505562e+01
1.06128500000e+03	4.363161e+01	-6.033858e+01
1.14338000000e+03	4.366612e+01	-5.621001e+01
1.23182500000e+03	4.335972e+01	-5.237511e+01
1.32711100000e+03	4.333186e+01	-4.847329e+01
1.42976900000e+03	4.324359e+01	-4.517147e+01
1.54036700000e+03	4.312840e+01	-4.195042e+01
1.65952100000e+03	4.306738e+01	-3.898401e+01
1.78789200000e+03	4.293764e+01	-3.621885e+01
1.92619300000e+03	4.294210e+01	-3.379324e+01
2.07519100000e+03	4.289743e+01	-3.138774e+01
2.23571600000e+03	4.284061e+01	-2.914177e+01
2.40865800000e+03	4.279806e+01	-2.711673e+01
2.59497700000e+03	4.281480e+01	-2.521069e+01
2.79570900000e+03	4.245029e+01	-2.348365e+01
3.01196800000e+03	4.260571e+01	-2.188052e+01
3.24495700000e+03	4.246582e+01	-2.023019e+01
3.49596700000e+03	4.242300e+01	-1.880058e+01
3.76639400000e+03	4.235889e+01	-1.755783e+01
4.05774000000e+03	4.246417e+01	-1.634254e+01
4.37162300000e+03	4.226268e+01	-1.528472e+01
4.70978600000e+03	4.235680e+01	-1.416881e+01
5.07410700000e+03	4.225316e+01	-1.327722e+01
5.46661000000e+03	4.222498e+01	-1.228032e+01
5.88947400000e+03	4.217192e+01	-1.134867e+01
6.34504900000e+03	4.206335e+01	-1.069333e+01
6.83586400000e+03	4.225991e+01	-1.003218e+01
7.36464600000e+03	4.212490e+01	-9.147194e+00
7.93433200000e+03	4.197176e+01	-8.742523e+00
8.54808400000e+03	4.201055e+01	-8.038389e+00
9.20931400000e+03	4.202201e+01	-7.484763e+00
9.92169100000e+03	4.208868e+01	-6.913176e+00
1.06891750000e+04	4.194621e+01	-6.476108e+00
1.15160260000e+04	4.188675e+01	-6.096326e+00
1.24068370000e+04	4.197733e+01	-5.773748e+00
1.33665570000e+04	4.179459e+01	-5.160544e+00
1.44005140000e+04	4.173148e+01	-4.858152e+00
1.55144520000e+04	4.182396e+01	-4.526984e+00
1.67145580000e+04	4.183779e+01	-4.249323e+00
1.80074970000e+04	4.181069e+01	-4.040408e+00
1.94004510000e+04	4.176236e+01	-3.691460e+00
2.09011540000e+04	4.175630e+01	-3.415846e+00
2.25179440000e+04	4.179865e+01	-3.162950e+00
2.42597980000e+04	4.163174e+01	-3.032362e+00
2.61363920000e+04	4.165339e+01	-2.871427e+00
2.81581490000e+04	4.159995e+01	-2.601592e+00
3.03362960000e+04	4.168432e+01	-2.495564e+00
3.26829320000e+04	4.164791e+01	-2.220807e+00
3.52110900000e+04	4.156956e+01	-2.080814e+00
3.79348110000e+04	4.161064e+01	-1.968078e+00
4.08692230000e+04	4.162250e+01	-1.888682e+00
4.40306230000e+04	4.159568e+01	-1.727990e+00
4.74365710000e+04	4.158474e+01	-1.597964e+00
5.11059830000e+04	4.152953e+01	-1.539446e+00
5.50592380000e+04	4.158725e+01	-1.392827e+00
5.93182940000e+04	4.150113e+01	-1.304983e+00
6.39068060000e+04	4.153412e+01	-1.265200e+00
6.88502570000e+04	4.148829e+01	-1.123816e+00
7.41761050000e+04	4.154357e+01	-1.077996e+00
7.99139280000e+04	4.154072e+01	-1.004159e+00
8.60955950000e+04	4.146027e+01	-9.009649e-01
9.27554400000e+04	4.151375e+01	-8.262107e-01
9.99304500000e+04	4.149022e+01	-8.213618e-01
1.07660477000e+05	4.149739e+01	-7.633473e-01
1.15988453000e+05	4.146152e+01	-7.114331e-01
1.24960632000e+05	4.146473e+01	-6.793110e-01
1.34626845000e+05	4.146521e+01	-6.185925e-01
1.45040779000e+05	4.143800e+01	-5.604329e-01
1.56260273000e+05	4.142477e+01	-5.668032e-01
1.68347641000e+05	4.143110e+01	-4.962332e-01
1.81370016000e+05	4.143864e+01	-4.819992e-01
1.95399724000e+05	4.143240e+01	-4.393618e-01
2.10514688000e+05	4.141142e+01	-4.276651e-01
2.26798855000e+05	4.141011e+01	-4.148881e-01
2.44342669000e+05	4.140974e+01	-3.735333e-01
2.63243569000e+05	4.140311e+01	-3.704200e-01
2.83606529000e+05	4.142266e+01	-3.450817e-01
3.05544648000e+05	4.141804e+01	-3.237314e-01
3.29179770000e+05	4.142069e+01	-2.919005e-01
3.54643164000e+05	4.140615e+01	-2.753098e-01
3.82076255000e+05	4.140741e+01	-2.650070e-01
4.11631408000e+05	4.140948e+01	-2.651265e-01
4.43472771000e+05	4.141930e+01	-2.407753e-01
4.77777194000e+05	4.140227e+01	-2.410420e-01
5.14735204000e+05	4.140969e+01	-2.122383e-01
5.54552065000e+05	4.142197e+01	-1.991605e-01
5.97448923000e+05	4.142746e+01	-2.245041e-01
6.43664028000e+05	4.141888e+01	-2.214798e-01
6.93454059000e+05	4.140558e+01	-2.286019e-01
7.47095551000e+05	4.139528e+01	-1.696825e-01
8.04886431000e+05	4.137817e+01	-1.777481e-01
8.67147670000e+05	4.139383e+01	-2.181617e-01
9.34225070000e+05	4.139455e+01	-2.012861e-01
1.00649117900e+06	4.139391e+01	-1.809502e-01
1.08434736600e+06	4.140055e+01	-2.159689e-01
1.16822604500e+06	4.137515e+01	-2.152697e-01
1.25859308200e+06	4.138409e+01	-2.277290e-01
1.35595037700e+06	4.139145e+01	-2.390929e-01
1.46083865400e+06	4.138634e+01	-2.089697e-01
1.57384046600e+06	4.137920e+01	-2.515552e-01
1.69558342800e+06	4.139191e+01	-2.394925e-01
1.82674370300e+06	4.138396e+01	-2.542709e-01
1.96804975900e+06	4.139070e+01	-2.556881e-01
2.12028641400e+06	4.141150e+01	-2.816199e-01
2.28429919300e+06	4.141962e+01	-3.010234e-01
2.46099902700e+06	4.138788e+01	-3.263509e-01
2.65136731300e+06	4.138226e+01	-3.136677e-01
2.85646135900e+06	4.137416e+01	-3.358893e-01
3.07742026500e+06	4.141291e+01	-3.765321e-01
3.31547124000e+06	4.138615e+01	-3.931788e-01
3.57193642700e+06	4.141447e+01	-4.005640e-01
3.84824023900e+06	4.140517e+01	-4.530361e-01
4.14591727500e+06	4.138980e+01	-4.777522e-01
4.46662084100e+06	4.138990e+01	-4.957188e-01
4.81213213200e+06	4.139639e+01	-5.448704e-01
5.18437012700e+06	4.138066e+01	-6.010578e-01
5.58540224500e+06	4.137288e+01	-6.286128e-01
6.01745582800e+06	4.137675e+01	-6.549613e-01
6.48293051400e+06	4.137880e+01	-7.273204e-01
6.98441156000e+06	4.136215e+01	-7.814293e-01
7.52468420500e+06	4.135927e+01	-8.315516e-01
8.10674913700e+06	4.136249e+01	-9.035730e-01
8.73383915800e+06	4.134888e+01	-9.699891e-01
9.40943714400e+06	4.134195e+01	-1.032491e+00
1.01372953820e+07	4.133163e+01	-1.110879e+00
1.09214564160e+07	4.129872e+01	-1.195149e+00
1.17662754950e+07	4.129784e+01	-1.303144e+00
1.26764447670e+07	4.129440e+01	-1.382836e+00
1.36570193340e+07	4.126292e+01	-1.503534e+00
1.47134453320e+07	4.124030e+01	-1.599341e+00
1.58515901790e+07	4.107191e+01	-1.724879e+00
1.70777751590e+07	4.101468e+01	-1.827773e+00
1.83988105350e+07	4.101492e+01	-1.986696e+00
1.98220333710e+07	4.097209e+01	-2.108017e+00
2.13553482830e+07	4.092749e+01	-2.291561e+00
2.30072713410e+07	4.084679e+01	-2.454165e+00
2.47869773660e+07	4.079021e+01	-2.617290e+00
2.67043508920e+07	4.069308e+01	-2.810420e+00
2.87700410590e+07	4.061471e+01	-2.995977e+00
3.09955207640e+07	4.054453e+01	-3.221561e+00
3.33931503760e+07	4.043423e+01	-3.459768e+00
3.59762463920e+07	4.030777e+01	-3.694540e+00
3.87591553920e+07	4.013171e+01	-3.949965e+00
4.17573337230e+07	3.995541e+01	-4.214304e+00
4.49874333440e+07	3.977835e+01	-4.482040e+00
4.84673943090e+07	3.953377e+01	-4.787670e+00
5.22165444110e+07	3.930634e+01	-5.097922e+00
5.62557065240e+07	3.901885e+01	-5.419411e+00
6.06073142560e+07	3.867911e+01	-5.747471e+00
6.52955365480e+07	3.829091e+01	-6.068836e+00
7.03464119040e+07	3.787729e+01	-6.407682e+00
7.57879930150e+07	3.738556e+01	-6.758110e+00
8.16505025590e+07	3.682471e+01	-7.080753e+00
8.79665010640e+07	3.622603e+01	-7.391487e+00
9.47710677450e+07	3.552769e+01	-7.672564e+00
1.02101995338e+08	3.474164e+01	-7.937996e+00
1.10000000000e+08	3.385797e+01	-8.101147e+00


"TRACE: B"

"Frequency"	"Data Trace Real"	"Data Trace Imag"
4.00000000000e+01	3.189636e-05	6.524499e-04
4.30940000000e+01	3.609803e-05	7.022899e-04
4.64280000000e+01	3.978272e-05	7.557042e-04
5.00190000000e+01	4.593015e-05	8.136699e-04
5.38880000000e+01	5.055343e-05	8.757114e-04
5.80570000000e+01	5.731008e-05	9.415383e-04
6.25480000000e+01	6.546368e-05	1.012889e-03
6.73860000000e+01	7.356006e-05	1.089993e-03
7.25980000000e+01	8.418866e-05	1.172166e-03
7.82140000000e+01	9.467148e-05	1.261063e-03
8.42640000000e+01	1.086418e-04	1.356331e-03
9.07830000000e+01	1.213009e-04	1.458762e-03
9.78050000000e+01	1.396880e-04	1.567873e-03
1.05371000000e+02	1.584083e-04	1.687680e-03
1.13522000000e+02	1.790036e-04	1.814092e-03
1.22303000000e+02	2.056313e-04	1.949481e-03
1.31764000000e+02	2.334161e-04	2.094416e-03
1.41956000000e+02	2.655385e-04	2.250337e-03
1.52937000000e+02	3.035059e-04	2.418455e-03
1.64767000000e+02	3.468277e-04	2.596563e-03
1.77513000000e+02	3.992056e-04	2.786624e-03
1.91244000000e+02	4.510677e-04	2.994988e-03
2.06037000000e+02	5.143984e-04	3.210769e-03
2.21975000000e+02	5.896339e-04	3.444662e-03
2.39146000000e+02	6.770497e-04	3.692021e-03
2.57645000000e+02	7.742927e-04	3.956279e-03
2.77575000000e+02	8.827759e-04	4.235882e-03
2.99046000000e+02	1.011674e-03	4.534759e-03
3.22179000000e+02	1.150319e-03	4.847104e-03
3.47100000000e+02	1.319555e-03	5.178476e-03
3.73950000000e+02	1.499230e-03	5.521103e-03
4.02877000000e+02	1.711446e-03	5.878659e-03
4.34041000000e+02	1.953144e-03	6.258774e-03
4.67616000000e+02	2.229543e-03	6.652399e-03
5.03788000000e+02	2.521998e-03	7.044966e-03
5.42758000000e+02	2.861359e-03	7.456793e-03
5.84742000000e+02	3.247507e-03	7.875761e-03
6.29974000000e+02	3.673200e-03	8.295872e-03
6.78705000000e+02	4.118243e-03	8.702915e-03
7.31206000000e+02	4.628275e-03	9.121553e-03
7.87768000000e+02	5.181764e-03	9.543102e-03
8.48705000000e+02	5.789360e-03	9.912132e-03
9.14356000000e+02	6.432918e-03	1.026348e-02
9.85085000000e+02	7.108408e-03	1.060823e-02
1.06128500000e+03	7.869405e-03	1.088267e-02
1.14338000000e+03	8.618946e-03	1.109489e-02
1.23182500000e+03	9.378688e-03	1.132871e-02
1.32711100000e+03	1.025046e-02	1.146670e-02
1.42976900000e+03	1.105841e-02	1.155142e-02
1.54036700000e+03	1.191426e-02	1.158885e-02
1.65952100000e+03	1.276240e-02	1.155235e-02
1.78789200000e+03	1.360747e-02	1.147820e-02
1.92619300000e+03	1.438111e-02	1.131720e-02
2.07519100000e+03	1.518289e-02	1.110921e-02
2.23571600000e+03	1.595815e-02	1.085532e-02
2.40865800000e+03	1.667246e-02	1.056363e-02
2.59497700000e+03	1.734315e-02	1.021219e-02
2.79570900000e+03	1.803702e-02	9.978143e-03
3.01196800000e+03	1.857264e-02	9.538134e-03
3.24495700000e+03	1.919267e-02	9.143149e-03
3.49596700000e+03	1.970256e-02	8.731572e-03
3.76639400000e+03	2.014641e-02	8.350720e-03
4.05774000000e+03	2.051127e-02	7.893861e-03
4.37162300000e+03	2.092464e-02	7.567602e-03
4.70978600000e+03	2.123304e-02	7.102678e-03
5.07410700000e+03	2.154000e-02	6.768517e-03
5.46661000000e+03	2.183574e-02	6.350505e-03
5.88947400000e+03	2.211122e-02	5.950238e-03
6.34504900000e+03	2.233050e-02	5.676853e-03
6.83586400000e+03	2.240069e-02	5.317754e-03
7.36464600000e+03	2.267000e-02	4.922667e-03
7.93433200000e+03	2.283481e-02	4.756386e-03
8.54808400000e+03	2.296283e-02	4.393758e-03
9.20931400000e+03	2.306530e-02	4.108284e-03
9.92169100000e+03	2.313520e-02	3.800017e-03
1.06891750000e+04	2.328503e-02	3.594993e-03
1.15160260000e+04	2.337867e-02	3.402604e-03
1.24068370000e+04	2.338007e-02	3.215798e-03
1.33665570000e+04	2.356724e-02	2.909941e-03
1.44005140000e+04	2.364231e-02	2.752310e-03
1.55144520000e+04	2.363287e-02	2.557998e-03
1.67145580000e+04	2.365779e-02	2.402841e-03
1.80074970000e+04	2.369604e-02	2.289885e-03
1.94004510000e+04	2.375937e-02	2.100139e-03
2.09011540000e+04	2.378928e-02	1.946067e-03
2.25179440000e+04	2.378801e-02	1.800065e-03
2.42597980000e+04	2.389337e-02	1.740339e-03
2.61363920000e+04	2.389410e-02	1.647169e-03
2.81581490000e+04	2.394484e-02	1.497471e-03
3.03362960000e+04	2.390416e-02	1.431099e-03
3.26829320000e+04	2.394273e-02	1.276707e-03
3.52110900000e+04	2.399594e-02	1.201145e-03
3.79348110000e+04	2.397867e-02	1.134131e-03
4.08692230000e+04	2.397610e-02	1.087951e-03
4.40306230000e+04	2.399954e-02	9.970015e-04
4.74365710000e+04	2.401183e-02	9.226949e-04
5.11059830000e+04	2.404621e-02	8.913621e-04
5.50592380000e+04	2.401889e-02	8.044332e-04
5.93182940000e+04	2.407193e-02	7.569300e-04
6.39068060000e+04	2.405427e-02	7.327339e-04
6.88502570000e+04	2.408552e-02	6.524177e-04
7.41761050000e+04	2.405492e-02	6.241908e-04
7.99139280000e+04	2.405871e-02	5.815684e-04
8.60955950000e+04	2.410810e-02	5.238882e-04
9.27554400000e+04	2.407887e-02	4.792200e-04
9.99304500000e+04	2.409262e-02	4.769500e-04
1.07660477000e+05	2.408975e-02	4.431326e-04
1.15988453000e+05	2.411165e-02	4.137289e-04
1.24960632000e+05	2.411041e-02	3.949976e-04
1.34626845000e+05	2.411124e-02	3.596999e-04
1.45040779000e+05	2.412802e-02	3.263222e-04
1.56260273000e+05	2.413563e-02	3.302409e-04
1.68347641000e+05	2.413300e-02	2.890484e-04
1.81370016000e+05	2.412880e-02	2.806574e-04
1.95399724000e+05	2.413299e-02	2.559135e-04
2.10514688000e+05	2.414535e-02	2.493545e-04
2.26798855000e+05	2.414627e-02	2.419216e-04
2.44342669000e+05	2.414694e-02	2.178156e-04
2.63243569000e+05	2.415084e-02	2.160696e-04
2.83606529000e+05	2.413970e-02	2.011017e-04
3.05544648000e+05	2.414259e-02	1.887032e-04
3.29179770000e+05	2.414132e-02	1.701291e-04
3.54643164000e+05	2.414993e-02	1.605731e-04
3.82076255000e+05	2.414928e-02	1.545551e-04
4.11631408000e+05	2.414807e-02	1.546094e-04
4.43472771000e+05	2.414252e-02	1.403433e-04
4.77777194000e+05	2.415245e-02	1.406144e-04
5.14735204000e+05	2.414830e-02	1.237680e-04
5.54552065000e+05	2.414122e-02	1.160731e-04
5.97448923000e+05	2.413787e-02	1.308082e-04
6.43664028000e+05	2.414289e-02	1.290997e-04
6.93454059000e+05	2.415060e-02	1.333365e-04
7.47095551000e+05	2.415694e-02	9.902117e-05
8.04886431000e+05	2.416689e-02	1.038136e-04
8.67147670000e+05	2.415752e-02	1.273196e-04
9.34225070000e+05	2.415720e-02	1.174674e-04
1.00649117900e+06	2.415768e-02	1.056034e-04
1.08434736600e+06	2.415361e-02	1.259990e-04
1.16822604500e+06	2.416844e-02	1.257454e-04
1.25859308200e+06	2.416314e-02	1.329653e-04
1.35595037700e+06	2.415877e-02	1.395503e-04
1.46083865400e+06	2.416195e-02	1.219995e-04
1.57384046600e+06	2.416584e-02	1.469106e-04
1.69558342800e+06	2.415850e-02	1.397805e-04
1.82674370300e+06	2.416304e-02	1.484623e-04
1.96804975900e+06	2.415909e-02	1.492411e-04
2.12028641400e+06	2.414677e-02	1.642107e-04
2.28429919300e+06	2.414188e-02	1.754548e-04
2.46099902700e+06	2.416016e-02	1.905073e-04
2.65136731300e+06	2.416355e-02	1.831540e-04
2.85646135900e+06	2.416808e-02	1.962046e-04
3.07742026500e+06	2.414506e-02	2.195304e-04
3.31547124000e+06	2.416050e-02	2.295307e-04
3.57193642700e+06	2.414389e-02	2.335216e-04
3.84824023900e+06	2.414869e-02	2.642237e-04
4.14591727500e+06	2.415732e-02	2.788420e-04
4.46662084100e+06	2.415702e-02	2.893239e-04
4.81213213200e+06	2.415251e-02	3.179019e-04
5.18437012700e+06	2.416078e-02	3.509375e-04
5.58540224500e+06	2.416485e-02	3.671567e-04
6.01745582800e+06	2.416210e-02	3.824670e-04
6.48293051400e+06	2.415950e-02	4.246546e-04
6.98441156000e+06	2.416807e-02	4.565922e-04
7.52468420500e+06	2.416861e-02	4.859235e-04
8.10674913700e+06	2.416497e-02	5.278892e-04
8.73383915800e+06	2.417115e-02	5.670227e-04
9.40943714400e+06	2.417343e-02	6.037174e-04
1.01372953820e+07	2.417708e-02	6.498124e-04
1.09214564160e+07	2.419356e-02	7.001406e-04
1.17662754950e+07	2.419026e-02	7.633182e-04
1.26764447670e+07	2.418923e-02	8.100310e-04
1.36570193340e+07	2.420270e-02	8.818952e-04
1.47134453320e+07	2.421172e-02	9.389554e-04
1.58515901790e+07	2.430468e-02	1.020713e-03
1.70777751590e+07	2.433319e-02	1.084381e-03
1.83988105350e+07	2.432430e-02	1.178229e-03
1.98220333710e+07	2.434242e-02	1.252419e-03
2.13553482830e+07	2.435710e-02	1.363772e-03
2.30072713410e+07	2.439367e-02	1.465625e-03
2.47869773660e+07	2.441517e-02	1.566591e-03
2.67043508920e+07	2.445754e-02	1.689131e-03
2.87700410590e+07	2.448837e-02	1.806405e-03
3.09955207640e+07	2.450950e-02	1.947461e-03
3.33931503760e+07	2.455176e-02	2.100780e-03
3.59762463920e+07	2.460242e-02	2.255015e-03
3.87591553920e+07	2.467887e-02	2.429019e-03
4.17573337230e+07	2.475253e-02	2.610777e-03
4.49874333440e+07	2.482414e-02	2.797069e-03
4.84673943090e+07	2.492922e-02	3.019011e-03
5.22165444110e+07	2.502032e-02	3.245065e-03
5.62557065240e+07	2.514359e-02	3.492247e-03
6.06073142560e+07	2.529523e-02	3.758711e-03
6.52955365480e+07	2.547590e-02	4.037749e-03
7.03464119040e+07	2.566651e-02	4.341992e-03
7.57879930150e+07	2.590190e-02	4.682233e-03
8.16505025590e+07	2.618746e-02	5.035395e-03
8.79665010640e+07	2.650118e-02	5.407248e-03
9.47710677450e+07	2.689281e-02	5.807773e-03
1.02101995338e+08	2.735577e-02	6.250424e-03
1.10000000000e+08	2.793583e-02	6.684165e-03
