4294A REV1.11
"DATE:     20 -100"


"MEASURE PARAMETER: IMPEDANCE - ADMITTANCE"
"ADAPTER: NONE"
"SWEEP TYPE: LOG FREQ"
"NUMBER of POINTS: 200"
"POINT DELAY TIME:  0 Sec"
"SWEEP DELAY TIME:  0 Sec"
"OSC LEVEL:  10 mVolt"
"DC BIAS:  5 Volt"
"BW: 2"
"SWEEP AVERAGING: OFF"
"POINT AVERAGING: OFF"


"TRACE: A"

"Frequency"	"Data Trace Real"	"Data Trace Imag"
4.00000000000e+01	3.620695e+01	-1.577684e+03
4.30940000000e+01	3.404269e+01	-1.464001e+03
4.64280000000e+01	3.120077e+01	-1.360654e+03
5.00190000000e+01	3.059949e+01	-1.263619e+03
5.38880000000e+01	2.773350e+01	-1.173519e+03
5.80570000000e+01	2.682478e+01	-1.091020e+03
6.25480000000e+01	2.577964e+01	-1.014007e+03
6.73860000000e+01	2.372638e+01	-9.419871e+02
7.25980000000e+01	2.267330e+01	-8.746873e+02
7.82140000000e+01	2.203512e+01	-8.124377e+02
8.42640000000e+01	2.010123e+01	-7.546588e+02
9.07830000000e+01	1.896738e+01	-7.016475e+02
9.78050000000e+01	1.831487e+01	-6.514254e+02
1.05371000000e+02	1.693905e+01	-6.059982e+02
1.13522000000e+02	1.603699e+01	-5.622413e+02
1.22303000000e+02	1.560487e+01	-5.228412e+02
1.31764000000e+02	1.497045e+01	-4.857541e+02
1.41956000000e+02	1.397764e+01	-4.507519e+02
1.52937000000e+02	1.353434e+01	-4.192393e+02
1.64767000000e+02	1.326519e+01	-3.893837e+02
1.77513000000e+02	1.194887e+01	-3.618544e+02
1.91244000000e+02	1.180361e+01	-3.364119e+02
2.06037000000e+02	1.126884e+01	-3.122728e+02
2.21975000000e+02	1.078021e+01	-2.902970e+02
2.39146000000e+02	1.042132e+01	-2.697971e+02
2.57645000000e+02	9.946539e+00	-2.507219e+02
2.77575000000e+02	9.666418e+00	-2.329183e+02
2.99046000000e+02	9.452972e+00	-2.164352e+02
3.22179000000e+02	8.674067e+00	-2.011864e+02
3.47100000000e+02	8.734671e+00	-1.866470e+02
3.73950000000e+02	8.404337e+00	-1.737509e+02
4.02877000000e+02	8.201921e+00	-1.614355e+02
4.34041000000e+02	8.081421e+00	-1.501288e+02
4.67616000000e+02	7.719437e+00	-1.395444e+02
5.03788000000e+02	7.547518e+00	-1.294365e+02
5.42758000000e+02	7.444568e+00	-1.207034e+02
5.84742000000e+02	7.207046e+00	-1.120239e+02
6.29974000000e+02	7.050587e+00	-1.042200e+02
6.78705000000e+02	6.741083e+00	-9.684721e+01
7.31206000000e+02	6.604719e+00	-9.008441e+01
7.87768000000e+02	6.505907e+00	-8.383759e+01
8.48705000000e+02	6.312041e+00	-7.801662e+01
9.14356000000e+02	6.126823e+00	-7.250066e+01
9.85085000000e+02	5.890971e+00	-6.750981e+01
1.06128500000e+03	5.877089e+00	-6.269731e+01
1.14338000000e+03	5.773212e+00	-5.848274e+01
1.23182500000e+03	5.670352e+00	-5.434535e+01
1.32711100000e+03	5.517364e+00	-5.051789e+01
1.42976900000e+03	5.338642e+00	-4.701871e+01
1.54036700000e+03	5.256600e+00	-4.380298e+01
1.65952100000e+03	5.151101e+00	-4.081803e+01
1.78789200000e+03	4.959671e+00	-3.806680e+01
1.92619300000e+03	4.843640e+00	-3.536719e+01
2.07519100000e+03	4.805170e+00	-3.290119e+01
2.23571600000e+03	4.692861e+00	-3.075786e+01
2.40865800000e+03	4.560335e+00	-2.863517e+01
2.59497700000e+03	4.449519e+00	-2.664362e+01
2.79570900000e+03	4.362721e+00	-2.490105e+01
3.01196800000e+03	4.288621e+00	-2.321150e+01
3.24495700000e+03	4.138788e+00	-2.159256e+01
3.49596700000e+03	4.029613e+00	-2.016779e+01
3.76639400000e+03	3.935532e+00	-1.879574e+01
4.05774000000e+03	3.876735e+00	-1.754158e+01
4.37162300000e+03	3.778688e+00	-1.634453e+01
4.70978600000e+03	3.715030e+00	-1.529305e+01
5.07410700000e+03	3.639546e+00	-1.425770e+01
5.46661000000e+03	3.534609e+00	-1.329720e+01
5.88947400000e+03	3.500029e+00	-1.235597e+01
6.34504900000e+03	3.422267e+00	-1.161351e+01
6.83586400000e+03	3.322805e+00	-1.080895e+01
7.36464600000e+03	3.289601e+00	-1.007065e+01
7.93433200000e+03	3.202835e+00	-9.383137e+00
8.54808400000e+03	3.137127e+00	-8.777042e+00
9.20931400000e+03	3.078567e+00	-8.202660e+00
9.92169100000e+03	3.034663e+00	-7.651520e+00
1.06891750000e+04	2.946166e+00	-7.156062e+00
1.15160260000e+04	2.944156e+00	-6.669115e+00
1.24068370000e+04	2.888112e+00	-6.215077e+00
1.33665570000e+04	2.833895e+00	-5.815055e+00
1.44005140000e+04	2.796685e+00	-5.402530e+00
1.55144520000e+04	2.747717e+00	-5.040636e+00
1.67145580000e+04	2.714738e+00	-4.722116e+00
1.80074970000e+04	2.661883e+00	-4.399878e+00
1.94004510000e+04	2.662039e+00	-4.099538e+00
2.09011540000e+04	2.621010e+00	-3.836280e+00
2.25179440000e+04	2.590398e+00	-3.573891e+00
2.42597980000e+04	2.562917e+00	-3.333414e+00
2.61363920000e+04	2.537704e+00	-3.107071e+00
2.81581490000e+04	2.525874e+00	-2.917273e+00
3.03362960000e+04	2.488069e+00	-2.712716e+00
3.26829320000e+04	2.473186e+00	-2.523560e+00
3.52110900000e+04	2.455575e+00	-2.362494e+00
3.79348110000e+04	2.439785e+00	-2.205762e+00
4.08692230000e+04	2.417438e+00	-2.050149e+00
4.40306230000e+04	2.405481e+00	-1.912390e+00
4.74365710000e+04	2.392623e+00	-1.786958e+00
5.11059830000e+04	2.379629e+00	-1.655628e+00
5.50592380000e+04	2.368441e+00	-1.546940e+00
5.93182940000e+04	2.355296e+00	-1.440221e+00
6.39068060000e+04	2.346358e+00	-1.343451e+00
6.88502570000e+04	2.336022e+00	-1.253799e+00
7.41761050000e+04	2.332943e+00	-1.166129e+00
7.99139280000e+04	2.321933e+00	-1.090699e+00
8.60955950000e+04	2.309540e+00	-1.014370e+00
9.27554400000e+04	2.308042e+00	-9.479001e-01
9.99304500000e+04	2.301578e+00	-8.787657e-01
1.07660477000e+05	2.294208e+00	-8.169425e-01
1.15988453000e+05	2.287099e+00	-7.621714e-01
1.24960632000e+05	2.280799e+00	-7.064899e-01
1.34626845000e+05	2.277282e+00	-6.600611e-01
1.45040779000e+05	2.269832e+00	-6.107208e-01
1.56260273000e+05	2.268657e+00	-5.724798e-01
1.68347641000e+05	2.263598e+00	-5.285496e-01
1.81370016000e+05	2.263903e+00	-4.908143e-01
1.95399724000e+05	2.257433e+00	-4.572845e-01
2.10514688000e+05	2.252301e+00	-4.217740e-01
2.26798855000e+05	2.250887e+00	-3.945354e-01
2.44342669000e+05	2.249884e+00	-3.612372e-01
2.63243569000e+05	2.245731e+00	-3.369731e-01
2.83606529000e+05	2.251348e+00	-3.088679e-01
3.05544648000e+05	2.243731e+00	-2.873821e-01
3.29179770000e+05	2.239506e+00	-2.609952e-01
3.54643164000e+05	2.234824e+00	-2.387660e-01
3.82076255000e+05	2.235757e+00	-2.230357e-01
4.11631408000e+05	2.237200e+00	-2.020224e-01
4.43472771000e+05	2.229264e+00	-1.838387e-01
4.77777194000e+05	2.235259e+00	-1.657315e-01
5.14735204000e+05	2.232654e+00	-1.433532e-01
5.54552065000e+05	2.231016e+00	-1.350019e-01
5.97448923000e+05	2.229500e+00	-1.141206e-01
6.43664028000e+05	2.223599e+00	-9.730405e-02
6.93454059000e+05	2.222193e+00	-8.631317e-02
7.47095551000e+05	2.221164e+00	-7.158722e-02
8.04886431000e+05	2.220891e+00	-5.474225e-02
8.67147670000e+05	2.224281e+00	-4.167088e-02
9.34225070000e+05	2.221805e+00	-2.797354e-02
1.00649117900e+06	2.221620e+00	-1.454148e-02
1.08434736600e+06	2.221563e+00	4.818395e-05
1.16822604500e+06	2.217474e+00	1.577802e-02
1.25859308200e+06	2.218082e+00	3.169440e-02
1.35595037700e+06	2.220323e+00	3.968327e-02
1.46083865400e+06	2.228458e+00	5.160566e-02
1.57384046600e+06	2.219215e+00	7.634062e-02
1.69558342800e+06	2.221088e+00	8.339441e-02
1.82674370300e+06	2.225417e+00	1.043507e-01
1.96804975900e+06	2.234368e+00	1.180943e-01
2.12028641400e+06	2.223374e+00	1.361139e-01
2.28429919300e+06	2.230169e+00	1.533835e-01
2.46099902700e+06	2.239618e+00	1.680346e-01
2.65136731300e+06	2.235901e+00	1.814976e-01
2.85646135900e+06	2.238386e+00	1.978995e-01
3.07742026500e+06	2.236121e+00	2.202483e-01
3.31547124000e+06	2.239058e+00	2.395615e-01
3.57193642700e+06	2.240295e+00	2.636734e-01
3.84824023900e+06	2.243857e+00	2.850404e-01
4.14591727500e+06	2.246880e+00	3.061727e-01
4.46662084100e+06	2.246305e+00	3.379409e-01
4.81213213200e+06	2.252769e+00	3.657771e-01
5.18437012700e+06	2.262227e+00	3.891758e-01
5.58540224500e+06	2.264363e+00	4.233443e-01
6.01745582800e+06	2.264157e+00	4.519668e-01
6.48293051400e+06	2.266139e+00	4.887345e-01
6.98441156000e+06	2.266789e+00	5.200548e-01
7.52468420500e+06	2.275952e+00	5.572549e-01
8.10674913700e+06	2.283801e+00	5.976524e-01
8.73383915800e+06	2.289557e+00	6.443363e-01
9.40943714400e+06	2.293010e+00	6.921904e-01
1.01372953820e+07	2.295691e+00	7.440727e-01
1.09214564160e+07	2.300053e+00	7.941231e-01
1.17662754950e+07	2.307922e+00	8.532162e-01
1.26764447670e+07	2.313920e+00	9.136158e-01
1.36570193340e+07	2.316215e+00	9.787861e-01
1.47134453320e+07	2.323745e+00	1.048295e+00
1.58515901790e+07	2.333817e+00	1.126111e+00
1.70777751590e+07	2.340899e+00	1.212696e+00
1.83988105350e+07	2.347076e+00	1.298727e+00
1.98220333710e+07	2.356264e+00	1.388759e+00
2.13553482830e+07	2.361279e+00	1.494298e+00
2.30072713410e+07	2.374105e+00	1.604817e+00
2.47869773660e+07	2.375608e+00	1.727260e+00
2.67043508920e+07	2.381403e+00	1.846452e+00
2.87700410590e+07	2.399383e+00	1.976928e+00
3.09955207640e+07	2.412618e+00	2.124991e+00
3.33931503760e+07	2.415536e+00	2.284285e+00
3.59762463920e+07	2.427626e+00	2.448785e+00
3.87591553920e+07	2.436563e+00	2.631066e+00
4.17573337230e+07	2.455761e+00	2.823195e+00
4.49874333440e+07	2.470219e+00	3.036310e+00
4.84673943090e+07	2.485981e+00	3.262730e+00
5.22165444110e+07	2.504357e+00	3.499624e+00
5.62557065240e+07	2.521551e+00	3.758246e+00
6.06073142560e+07	2.548193e+00	4.040854e+00
6.52955365480e+07	2.569932e+00	4.337654e+00
7.03464119040e+07	2.603846e+00	4.659958e+00
7.57879930150e+07	2.626580e+00	4.999733e+00
8.16505025590e+07	2.665986e+00	5.370258e+00
8.79665010640e+07	2.707755e+00	5.767757e+00
9.47710677450e+07	2.757397e+00	6.179897e+00
1.02101995338e+08	2.808397e+00	6.631014e+00
1.10000000000e+08	2.862001e+00	7.104464e+00


"TRACE: B"

"Frequency"	"Data Trace Real"	"Data Trace Imag"
4.00000000000e+01	1.453862e-05	6.335069e-04
4.30940000000e+01	1.587473e-05	6.826905e-04
4.64280000000e+01	1.684385e-05	7.345543e-04
5.00190000000e+01	1.915257e-05	7.909139e-04
5.38880000000e+01	2.012714e-05	8.516624e-04
5.80570000000e+01	2.252209e-05	9.160201e-04
6.25480000000e+01	2.505617e-05	9.855499e-04
6.73860000000e+01	2.672183e-05	1.060913e-03
7.25980000000e+01	2.961539e-05	1.142498e-03
7.82140000000e+01	3.335922e-05	1.229959e-03
8.42640000000e+01	3.527063e-05	1.324163e-03
9.07830000000e+01	3.849925e-05	1.424177e-03
9.78050000000e+01	4.312520e-05	1.533883e-03
1.05371000000e+02	4.609006e-05	1.648882e-03
1.13522000000e+02	5.069023e-05	1.777150e-03
1.22303000000e+02	5.703402e-05	1.910925e-03
1.31764000000e+02	6.338545e-05	2.056701e-03
1.41956000000e+02	6.872921e-05	2.216384e-03
1.52937000000e+02	7.692382e-05	2.382789e-03
1.64767000000e+02	8.738851e-05	2.565184e-03
1.77513000000e+02	9.115609e-05	2.760532e-03
1.91244000000e+02	1.041688e-04	2.968892e-03
2.06037000000e+02	1.154106e-04	3.198163e-03
2.21975000000e+02	1.277450e-04	3.440004e-03
2.39146000000e+02	1.429555e-04	3.700968e-03
2.57645000000e+02	1.579809e-04	3.982216e-03
2.77575000000e+02	1.778733e-04	4.285968e-03
2.99046000000e+02	2.014119e-04	4.611524e-03
3.22179000000e+02	2.139040e-04	4.961292e-03
3.47100000000e+02	2.501811e-04	5.346000e-03
3.73950000000e+02	2.777374e-04	5.741931e-03
4.02877000000e+02	3.139048e-04	6.178477e-03
4.34041000000e+02	3.575223e-04	6.641703e-03
4.67616000000e+02	3.952155e-04	7.144316e-03
5.03788000000e+02	4.489694e-04	7.699619e-03
5.42758000000e+02	5.090398e-04	8.253377e-03
5.84742000000e+02	5.719293e-04	8.889874e-03
6.29974000000e+02	6.461603e-04	9.551376e-03
6.78705000000e+02	7.152475e-04	1.027576e-02
7.31206000000e+02	8.095186e-04	1.104135e-02
7.87768000000e+02	9.200742e-04	1.185643e-02
8.48705000000e+02	1.030296e-03	1.273443e-02
9.14356000000e+02	1.157340e-03	1.369517e-02
9.85085000000e+02	1.282799e-03	1.470072e-02
1.06128500000e+03	1.482057e-03	1.581072e-02
1.14338000000e+03	1.671669e-03	1.693404e-02
1.23182500000e+03	1.899253e-03	1.820267e-02
1.32711100000e+03	2.136444e-03	1.956163e-02
1.42976900000e+03	2.384110e-03	2.099743e-02
1.54036700000e+03	2.700772e-03	2.250539e-02
1.65952100000e+03	3.043225e-03	2.411493e-02
1.78789200000e+03	3.365501e-03	2.583112e-02
1.92619300000e+03	3.801024e-03	2.775424e-02
2.07519100000e+03	4.346297e-03	2.975927e-02
2.23571600000e+03	4.847651e-03	3.177239e-02
2.40865800000e+03	5.424001e-03	3.405828e-02
2.59497700000e+03	6.097897e-03	3.651407e-02
2.79570900000e+03	6.826397e-03	3.896294e-02
3.01196800000e+03	7.697204e-03	4.165993e-02
3.24495700000e+03	8.562392e-03	4.467104e-02
3.49596700000e+03	9.526775e-03	4.768051e-02
3.76639400000e+03	1.067210e-02	5.096897e-02
4.05774000000e+03	1.201209e-02	5.435271e-02
4.37162300000e+03	1.342711e-02	5.807833e-02
4.70978600000e+03	1.499939e-02	6.174550e-02
5.07410700000e+03	1.680865e-02	6.584683e-02
5.46661000000e+03	1.867111e-02	7.024071e-02
5.88947400000e+03	2.122257e-02	7.492092e-02
6.34504900000e+03	2.334656e-02	7.922687e-02
6.83586400000e+03	2.598489e-02	8.452781e-02
7.36464600000e+03	2.930877e-02	8.972467e-02
7.93433200000e+03	3.258178e-02	9.545271e-02
8.54808400000e+03	3.610955e-02	1.010272e-01
9.20931400000e+03	4.010577e-02	1.068595e-01
9.92169100000e+03	4.478881e-02	1.129293e-01
1.06891750000e+04	4.919368e-02	1.194885e-01
1.15160260000e+04	5.539839e-02	1.254887e-01
1.24068370000e+04	6.149056e-02	1.323247e-01
1.33665570000e+04	6.772229e-02	1.389638e-01
1.44005140000e+04	7.556815e-02	1.459797e-01
1.55144520000e+04	8.337037e-02	1.529414e-01
1.67145580000e+04	9.150336e-02	1.591643e-01
1.80074970000e+04	1.006591e-01	1.663813e-01
1.94004510000e+04	1.114166e-01	1.715815e-01
2.09011540000e+04	1.214176e-01	1.777146e-01
2.25179440000e+04	1.329578e-01	1.834377e-01
2.42597980000e+04	1.449598e-01	1.885395e-01
2.61363920000e+04	1.576817e-01	1.930598e-01
2.81581490000e+04	1.696297e-01	1.959148e-01
3.03362960000e+04	1.836306e-01	2.002105e-01
3.26829320000e+04	1.980925e-01	2.021272e-01
3.52110900000e+04	2.114828e-01	2.034663e-01
3.79348110000e+04	2.255314e-01	2.038985e-01
4.08692230000e+04	2.406101e-01	2.040535e-01
4.40306230000e+04	2.547215e-01	2.025070e-01
4.74365710000e+04	2.682956e-01	2.003796e-01
5.11059830000e+04	2.831632e-01	1.970109e-01
5.50592380000e+04	2.959613e-01	1.933063e-01
5.93182940000e+04	3.090268e-01	1.889643e-01
6.39068060000e+04	3.209680e-01	1.837761e-01
6.88502570000e+04	3.323400e-01	1.783748e-01
7.41761050000e+04	3.429548e-01	1.714271e-01
7.99139280000e+04	3.528239e-01	1.657345e-01
8.60955950000e+04	3.629685e-01	1.594190e-01
9.27554400000e+04	3.707357e-01	1.522591e-01
9.99304500000e+04	3.792045e-01	1.447841e-01
1.07660477000e+05	3.868304e-01	1.377461e-01
1.15988453000e+05	3.935317e-01	1.311437e-01
1.24960632000e+05	4.000579e-01	1.239201e-01
1.34626845000e+05	4.050882e-01	1.174132e-01
1.45040779000e+05	4.108207e-01	1.105354e-01
1.56260273000e+05	4.144015e-01	1.045713e-01
1.68347641000e+05	4.189333e-01	9.782081e-02
1.81370016000e+05	4.218856e-01	9.146482e-02
1.95399724000e+05	4.255202e-01	8.619694e-02
2.10514688000e+05	4.289482e-01	8.032636e-02
2.26798855000e+05	4.310268e-01	7.555035e-02
2.44342669000e+05	4.332975e-01	6.956945e-02
2.63243569000e+05	4.354843e-01	6.534465e-02
2.83606529000e+05	4.359725e-01	5.981211e-02
3.05544648000e+05	4.384927e-01	5.616312e-02
3.29179770000e+05	4.405436e-01	5.134157e-02
3.54643164000e+05	4.424126e-01	4.726685e-02
3.82076255000e+05	4.428684e-01	4.417987e-02
4.11631408000e+05	4.433719e-01	4.003713e-02
4.43472771000e+05	4.455486e-01	3.674265e-02
4.77777194000e+05	4.449295e-01	3.298895e-02
5.14735204000e+05	4.460586e-01	2.864033e-02
5.54552065000e+05	4.465910e-01	2.702384e-02
5.97448923000e+05	4.473590e-01	2.289881e-02
6.43664028000e+05	4.488619e-01	1.964206e-02
6.93454059000e+05	4.493281e-01	1.745255e-02
7.47095551000e+05	4.497473e-01	1.449518e-02
8.04886431000e+05	4.499964e-01	1.109186e-02
8.67147670000e+05	4.494257e-01	8.419782e-03
9.34225070000e+05	4.500133e-01	5.665873e-03
1.00649117900e+06	4.501027e-01	2.946120e-03
1.08434736600e+06	4.501336e-01	-9.763044e-06
1.16822604500e+06	4.509407e-01	-3.208582e-03
1.25859308200e+06	4.507478e-01	-6.440780e-03
1.35595037700e+06	4.502411e-01	-8.047047e-03
1.46083865400e+06	4.485002e-01	-1.038617e-02
1.57384046600e+06	4.500771e-01	-1.548257e-02
1.69558342800e+06	4.495960e-01	-1.688082e-02
1.82674370300e+06	4.483682e-01	-2.102417e-02
1.96804975900e+06	4.463071e-01	-2.358892e-02
2.12028641400e+06	4.480875e-01	-2.743169e-02
2.28429919300e+06	4.462855e-01	-3.069401e-02
2.46099902700e+06	4.440053e-01	-3.331294e-02
2.65136731300e+06	4.443193e-01	-3.606728e-02
2.85646135900e+06	4.432855e-01	-3.919162e-02
3.07742026500e+06	4.429063e-01	-4.362436e-02
3.31547124000e+06	4.415616e-01	-4.724360e-02
3.57193642700e+06	4.402709e-01	-5.181805e-02
3.84824023900e+06	4.385837e-01	-5.571392e-02
4.14591727500e+06	4.369483e-01	-5.954107e-02
4.46662084100e+06	4.353229e-01	-6.549130e-02
4.81213213200e+06	4.324961e-01	-7.022343e-02
5.18437012700e+06	4.293360e-01	-7.385961e-02
5.58540224500e+06	4.267101e-01	-7.977752e-02
6.01745582800e+06	4.247406e-01	-8.478592e-02
6.48293051400e+06	4.216664e-01	-9.094012e-02
6.98441156000e+06	4.190936e-01	-9.614995e-02
7.52468420500e+06	4.145262e-01	-1.014946e-01
8.10674913700e+06	4.098022e-01	-1.072419e-01
8.73383915800e+06	4.047126e-01	-1.138958e-01
9.40943714400e+06	3.996864e-01	-1.206532e-01
1.01372953820e+07	3.941884e-01	-1.277632e-01
1.09214564160e+07	3.884651e-01	-1.341226e-01
1.17662754950e+07	3.811924e-01	-1.409231e-01
1.26764447670e+07	3.738810e-01	-1.476212e-01
1.36570193340e+07	3.663232e-01	-1.548009e-01
1.47134453320e+07	3.575700e-01	-1.613081e-01
1.58515901790e+07	3.475617e-01	-1.677051e-01
1.70777751590e+07	3.367987e-01	-1.744777e-01
1.83988105350e+07	3.261886e-01	-1.804926e-01
1.98220333710e+07	3.149820e-01	-1.856473e-01
2.13553482830e+07	3.023960e-01	-1.913666e-01
2.30072713410e+07	2.891085e-01	-1.954278e-01
2.47869773660e+07	2.753709e-01	-2.002169e-01
2.67043508920e+07	2.622556e-01	-2.033433e-01
2.87700410590e+07	2.482476e-01	-2.045391e-01
3.09955207640e+07	2.334118e-01	-2.055850e-01
3.33931503760e+07	2.185458e-01	-2.066708e-01
3.59762463920e+07	2.041752e-01	-2.059548e-01
3.87591553920e+07	1.894779e-01	-2.046033e-01
4.17573337230e+07	1.753966e-01	-2.016396e-01
4.49874333440e+07	1.612292e-01	-1.981776e-01
4.84673943090e+07	1.477507e-01	-1.939157e-01
5.22165444110e+07	1.352305e-01	-1.889730e-01
5.62557065240e+07	1.231068e-01	-1.834845e-01
6.06073142560e+07	1.116562e-01	-1.770612e-01
6.52955365480e+07	1.010996e-01	-1.706408e-01
7.03464119040e+07	9.137833e-02	-1.635347e-01
7.57879930150e+07	8.234760e-02	-1.567499e-01
8.16505025590e+07	7.416403e-02	-1.493931e-01
8.79665010640e+07	6.669518e-02	-1.420666e-01
9.47710677450e+07	6.021257e-02	-1.349488e-01
1.02101995338e+08	5.415611e-02	-1.278701e-01
1.10000000000e+08	4.878595e-02	-1.211034e-01
